,db_index_budynki,coordsY_budynki,coordsX_budynki,db_index,coordsY,coordsX,distances,klasyfikacja
0,186,21.02499107309441,52.268094730514086,7472,21.026363899574335,52.266966699653494,"[2.864857258955261, 8.975990188437445, 10.377497750162775, 6.53031510046034, 8.761363794493958]",0
1,250,21.006458460820355,52.31614598957712,8992,21.005688900322525,52.31538060033449,"[9.291500905148922, 15.176830359480075, 16.578337921205407, 12.921650868008332, 14.132272375029032]",0
2,316,20.959221375156886,52.25656975267638,7152,20.9577889001377,52.258155600000975,"[6.107812111655702, 12.264039021027545, 14.482547019411015, 5.669190510215779, 5.873468607171012]",3
3,565,20.976362738066562,52.21929092061788,4514,20.977761099894906,52.218905600313235,"[6.09389961456486, 9.061161392899196, 12.21952209824227, 1.652368042770226, 2.625811780002782]",3
4,572,20.99702420603972,52.22563153533965,4925,20.99658329967957,52.225327800237835,"[4.57103426999121, 7.732001502126463, 10.890362207469538, 0, 4.047758716369037]",3
5,628,21.020133407855326,52.14212696062877,703,21.02142779965328,52.14129719960613,"[13.534259088710739, 13.151343005452398, 17.372046666055848, 10.190018596338783, 12.328952077322317]",3
6,693,21.15516174537044,52.25925587128547,7101,21.155261099720008,52.25944440043878,"[9.76951987008301, 8.032381043176382, 3.6607354424626424, 12.942520902062572, 16.589527532619822]",2
7,715,21.140912539127395,52.24409015955781,6212,21.140855600005978,52.24583060000225,"[8.57596893110332, 5.7297004521058685, 1.3580548513921298, 11.11891517822309, 14.977158111858643]",2
8,1642,21.077051542778353,52.17533270023355,1864,21.076791699777175,52.17591669979589,"[9.685828955632052, 7.721104176951449, 11.9418078375549, 8.518016626233367, 11.94966580494872]",1
9,1706,21.060285601409166,52.14000019826796,728,21.060958299685808,52.14080280000928,"[14.153896394541528, 12.874021777642495, 17.094725438245945, 11.71180495658912, 13.850738437572655]",3
10,1732,21.02376676655964,52.13857400202236,670,21.024483300264137,52.13793889996032,"[14.072404078701146, 13.689487995442802, 17.91019165604625, 10.728163586329188, 12.86709706731272]",3
11,1778,21.01680921902794,52.12200223338294,478,21.018261099670042,52.12167499980143,"[15.514020370858036, 15.131104287599692, 19.351807948203145, 12.169779878486079, 14.30871335946961]",3
12,1781,21.010076689702654,52.11028150268215,395,21.009447200427985,52.11048609985369,"[17.29532879609969, 16.912412712841345, 21.1331163734448, 13.95108830372773, 16.09002178471126]",3
13,2011,21.132917506124684,52.15306307866179,704,21.131736100340788,52.152702800194106,"[15.602564198513102, 11.456762831052401, 15.677466491655853, 14.228273228642943, 17.57091232530317]",1
14,2097,21.027086373696033,52.11474307542656,423,21.03160829968334,52.11325559986608,"[17.22385986506392, 16.840943781805574, 21.06164744240903, 13.879619372691959, 16.01855285367549]",3
15,2127,21.101943849279763,52.11470835341387,474,21.098847199738543,52.11694440036382,"[16.858917942204688, 14.89265439449404, 19.113358055097493, 15.388971028394623, 18.078197267491227]",1
16,2231,21.159555478882588,52.2586034144708,7060,21.16091110036706,52.25867220026191,"[10.17853734340498, 7.831629980148113, 3.4599843794343736, 13.220844706265334, 16.998545005941786]",2
17,2283,21.17131814018653,52.28411346842821,8258,21.172188900097694,52.28574170031925,"[0, 0, 0, 0, 0]",0
18,2305,21.170649531073867,52.28183839125797,8080,21.170244400358854,52.280849999927625,"[0, 0, 0, 0, 0]",0
19,2445,21.171243695420582,52.26929412420893,7564,21.170319400220194,52.26916670038298,"[11.412616401439461, 9.240456476459482, 4.8688108757457425, 14.585617433419023, 18.232624063976274]",2
20,2453,21.150119423997666,52.26411536865022,7400,21.14943609999608,52.26547499957161,"[10.036298891939104, 8.309015333037557, 4.14872755711029, 13.209299923918666, 16.856306554475918]",2
21,2636,21.168425276531586,52.2695074764593,7532,21.16902780019285,52.26853610026086,"[11.153759595666552, 9.201783670366577, 4.830138069652839, 14.326760627646113, 17.973767258203356]",2
22,2738,21.16538906350285,52.26776063960643,7401,21.165541699689754,52.2673027996845,"[10.792831591141441, 9.065548032239894, 4.77604288020626, 13.965832623121003, 17.61283925367825]",2
23,3116,21.06533531975962,52.28361661871157,8195,21.066449999867643,52.28339169986708,"[5.2122438655456245, 9.274739934235326, 9.43529412683554, 9.256423926815673, 11.74963423503366]",0
24,3137,21.066805204886773,52.283075846019145,8195,21.066449999867643,52.28339169986708,"[5.2122438655456245, 9.274739934235326, 9.43529412683554, 9.256423926815673, 11.74963423503366]",0
25,3208,21.067809973523698,52.28097880377158,8101,21.068144399944174,52.28131110032706,"[4.928387482564426, 8.990883551254127, 9.151437743854341, 8.972567543834474, 11.465777852052462]",0
26,3282,21.071392635488372,52.26413503971668,7424,21.07068059963001,52.26406939968308,"[3.8557039187630373, 7.783105942943979, 7.943660135544192, 8.224832607529198, 10.718042915747182]",0
27,3356,21.074301284296084,52.27763508626116,7982,21.074458299910646,52.278549999982545,"[5.103143406293947, 8.744492335017796, 8.90504652761801, 9.147323467563995, 11.640533775781982]",0
28,3377,21.069559698062662,52.27697076847991,7921,21.06794439971435,52.27716109960511,"[0, 0, 0, 0, 0]",0
29,3443,21.03839847904239,52.273712771327205,7817,21.03911390028634,52.27494719985344,"[3.8087295466661923, 9.613249260224459, 10.558027774862227, 7.773073497902607, 10.266283806120583]",0
30,3504,21.075380756115226,52.26827056006803,7130,21.07555830027536,52.268808299863224,"[4.153927833329997, 7.415566561858549, 7.5761207544587625, 8.523056522096159, 11.016266830314143]",0
31,3639,21.0602660575779,52.27935748748194,7998,21.060350000052495,52.27898059987484,"[4.696107976173112, 8.814060272594256, 8.97461446519447, 8.740288037443161, 11.233498345661149]",0
32,3757,20.992728303573408,52.267998997202646,7503,20.99340000001007,52.26816389964432,"[4.217858014872104, 10.512937853146173, 12.508710794833105, 5.479827187690856, 7.495245505066821]",0
33,3758,20.9861685628434,52.2679582590816,7513,20.986852799716985,52.26836110028461,"[4.393969385706688, 10.660027126015937, 12.684822165667692, 5.496568477148757, 7.304452483020031]",0
34,4388,21.047137469133503,52.28883862325214,8442,21.04765559992603,52.29021939960569,"[5.831412936696739, 10.999642983825131, 11.160197176425346, 9.795756887933152, 12.288967196151127]",0
35,4429,20.93363855057466,52.22491302702029,4871,20.933747199773507,52.22443890043496,"[7.3635418939090505, 12.405134218643385, 15.366827340787731, 4.857369966353877, 2.0640194655572843]",4
36,4514,21.160693856891275,52.261745930174705,7253,21.160933300131774,52.26211939969062,"[10.198656217327267, 8.332768412438936, 3.961122811725196, 13.371657249306828, 17.01866387986408]",2
37,4546,21.159162584311357,52.25306449184639,6778,21.15842219962485,52.2532333001767,"[10.298261936950718, 7.451993457953266, 3.080347857239528, 12.841208184070489, 16.699451117706044]",2
38,4857,20.960001503380226,52.18590361709773,2433,20.959508299568427,52.18558890030755,"[10.048734154161625, 12.37583058704851, 15.534191292391581, 5.60720258236699, 5.7172374445061935]",3
39,4991,20.938860207475177,52.18074429804207,2121,20.939272200052017,52.18040000005999,"[11.365527808037076, 13.90407846670723, 17.062439172050297, 6.9239962362424405, 6.771640309304816]",4
40,5134,20.93722574608664,52.19687478129607,3101,20.93776669987335,52.196249999837676,"[10.128232927737692, 13.17674956678533, 16.3351102721284, 5.831051043506821, 4.379041893246552]",4
41,5388,20.897958211722987,52.20657556838438,3765,20.89758060036445,52.20674170036921,"[11.013026851304557, 15.512891084153667, 18.671251789496733, 8.167192560875161, 5.550284833229142]",4
42,5820,20.875686314522873,52.190204300842346,2675,20.875300000094967,52.18949439964689,"[13.983135661228122, 17.83498854134897, 20.993349246692038, 10.489290018070468, 8.457169527228732]",4
43,5821,20.876225110373856,52.189856304905376,2745,20.876619399965364,52.190622199854715,"[13.828565301760602, 17.850130802290032, 21.008491507633096, 10.504432279011526, 8.302599167761214]",4
44,5876,20.880573520504367,52.19032291904405,2758,20.880205600408203,52.19075280030154,"[13.676579727493088, 17.61029396237221, 20.768654667715282, 10.264595439093712, 8.1506135934937]",4
45,6114,20.870813144910084,52.18692762781702,2491,20.869805600148368,52.186474999621566,"[14.543593248872263, 18.323379561266357, 21.481740266609425, 10.977681037987852, 9.017627114872873]",4
46,6303,20.886249066383215,52.18603832994238,2444,20.88693060026702,52.18604169996456,"[14.120995405915899, 17.295750202569145, 20.45411090791221, 9.95005167929064, 8.428069980745834]",4
47,6316,20.885711300130286,52.18566891913199,2370,20.885225000033756,52.18478060044441,"[14.121397929533192, 17.559319499451092, 20.71768020479416, 10.21362097617259, 8.595431795533804]",4
48,6443,20.887064501049984,52.1960376042996,3032,20.887183299869434,52.195061099690065,"[13.197461783129203, 16.889224463098685, 20.04758516844175, 9.54352593982018, 7.671495649129815]",4
49,6483,20.987360960911296,52.25391555907035,6822,20.985700000154907,52.253897200395556,"[3.7376658241913807, 9.893892733563222, 12.112400731946693, 3.671514879188557, 5.389730555972652]",3
50,6538,21.015940835390385,52.24517943910496,6171,21.01796670030302,52.245172200037075,"[1.304456342427881, 7.173800507539021, 9.679191250183193, 3.378920015172251, 6.197619618014842]",0
51,6554,21.021375628867418,52.245307908431705,6113,21.02140829965333,52.24421109996234,"[1.4366197569447967, 6.840780449300768, 9.467090745306644, 3.284411830912595, 6.3135907468175425]",0
52,6603,21.01448202628286,52.223639863051204,4885,21.01478889998782,52.22469169986209,"[4.245640665946663, 6.440630538891596, 9.598991244234666, 1.5022596517222917, 5.365781118254374]",3
53,6929,21.023309498766793,52.25613935115732,6921,21.0239528000817,52.2558417001344,"[1.1639242251068798, 7.570300153216736, 9.1368482072266, 4.913256443489587, 7.406466751707572]",0
54,6992,21.0213424945785,52.27740893379768,7938,21.023500000424747,52.27722500003375,"[4.388791017045202, 10.193310730603475, 11.594818292328807, 8.353134968281617, 10.8463452764996]",0
55,6993,21.020587117019108,52.27852758066425,7938,21.023500000424747,52.27722500003375,"[4.388791017045202, 10.193310730603475, 11.594818292328807, 8.353134968281617, 10.8463452764996]",0
56,7211,21.186097215658044,52.205488948283865,3636,21.186641699654785,52.20488060015964,"[13.040523181903296, 9.926296105198777, 5.38056031951408, 15.531535685913411, 19.276285150493518]",2
57,7431,21.167953794079338,52.18957785981529,2670,21.168361100384516,52.189147200183186,"[13.756426048036008, 9.183313757674147, 6.098742171946324, 15.30174859476489, 19.046498059344984]",2
58,7637,21.144035501939452,52.1866000341932,2413,21.144319400020322,52.1852611001197,"[11.761109965664929, 6.713625074640366, 6.703159866329971, 12.832059911731106, 16.57680937631121]",2
59,7752,21.14430940664379,52.188583108471725,2646,21.14121110021216,52.18904720006827,"[11.476096726567834, 6.428611835543271, 6.228073247005671, 12.547046672634009, 16.291796137214114]",2
60,7787,21.173325834478177,52.18554098546352,2402,21.172122200079514,52.18515830041531,"[14.206184235207921, 9.317553935707801, 6.548500359118238, 15.435988772798543, 19.180738237378634]",2
61,8456,21.23574466541492,52.25302463702958,6830,21.233980600224584,52.25403609978622,"[15.35209887265785, 12.776330458499283, 7.887776729202516, 18.165545184616512, 22.02378811825206]",2
62,8457,21.23745336347158,52.25069400458701,6577,21.239172200236908,52.250263899759204,"[15.965105015904683, 12.850877939200164, 7.87347994595586, 18.4561175199148, 22.200866984494894]",2
63,8569,21.253444336409327,52.25081976615853,6649,21.25431109977751,52.25128060041942,"[16.921634404246504, 14.049853228583622, 9.07245523533932, 19.65509280929826, 23.399842273878352]",2
64,8652,21.23215509157578,52.25076805800366,6576,21.232777800155418,52.250263899759204,"[15.50361674955044, 12.38938967284592, 7.411991679601616, 17.99462925356056, 21.739378718140653]",2
65,8815,20.941771396464517,52.350520125234034,9340,20.941083299754553,52.350736100290874,"[13.626076801864963, 19.737209731347157, 21.138717293072485, 16.92570448940394, 18.13632599642464]",0
66,8971,21.03241670382995,52.35583183782142,174,21.03190000018492,52.35696109957513,"[14.277278636020668, 19.64159913650337, 19.802153329103582, 17.95690821085891, 19.167529717879606]",0
67,8991,21.04040717006931,52.35894511818417,272,21.039786100348294,52.359141700129385,"[14.495928336371573, 19.58499094926345, 19.745545141863662, 18.2804438012228, 19.4910653082435]",0
68,8999,21.04721396176055,52.360481612340855,9209,21.047436099696313,52.361738899930344,"[15.093931031360706, 20.182993644252583, 20.343547836852796, 18.878446496211932, 20.089068003232633]",0
69,9126,20.96956654773265,52.35275308514335,9370,20.97042220032432,52.35290280002425,"[13.645767553560736, 19.73693923305315, 21.138446794778485, 16.94539524109971, 18.15601674812041]",0
70,9211,21.02312380770815,52.33696841558672,235,21.021749999762733,52.339083300354105,"[12.254910202686254, 17.71875905827318, 17.87931325087339, 15.934539777524494, 17.14516128454519]",0
71,9252,20.969415904084588,52.28422334802002,8202,20.96912219972978,52.283533299921885,"[6.680664274585373, 12.946722014894624, 14.971517054546378, 7.316798451092242, 8.313212792402467]",0
72,9265,20.98042464479987,52.28224318972594,8228,20.981905600363234,52.28416109955515,"[0, 0, 0, 0, 0]",0
73,9622,20.883733820032894,52.301890462011514,8709,20.88268890017264,52.302469399743075,"[13.050148036157887, 19.316205776467136, 21.341000816118893, 13.284244219125524, 12.454905348265717]",4
74,9755,20.88377138722985,52.28589716724961,8252,20.88091940041005,52.28480280000929,"[12.212436451885495, 18.478494192194745, 20.5032892318465, 12.446532634853131, 11.617193763993324]",4
75,10088,20.955442447428773,52.221463186253025,4661,20.955072200221935,52.22087780007047,"[7.064244578209195, 11.476750966706566, 14.635111672049637, 4.047758716369037, 0]",4
76,10156,20.94509067387736,52.23425972874259,5341,20.944186100208412,52.23357220019693,"[6.851738044537262, 12.132847732785322, 15.09454085492967, 4.585083480495814, 1.791732979699222]",4
77,10316,20.948434507488468,52.18642480018147,2498,20.948802799609552,52.18662500024362,"[10.36164564814546, 12.90019630681561, 16.05855701215868, 5.920114076350824, 6.030148938490029]",3
78,10492,20.95016749895323,52.19309192896777,2845,20.9484222002244,52.192136099701315,"[10.011193467636833, 12.549744126306985, 15.708104831650056, 5.569661895842197, 5.5388875085577665]",4
79,10609,20.877392454870588,52.19050711228389,2745,20.876619399965364,52.190622199854715,"[13.828565301760602, 17.850130802290032, 21.008491507633096, 10.504432279011526, 8.302599167761214]",4
80,10770,21.0113497096619,52.23236119513228,5295,21.010061100139694,52.232652799886864,"[3.302904499156438, 7.076075226120057, 9.945210134830736, 1.582421887610329, 5.0934681417361]",3
81,10887,21.02824723092492,52.25796638756132,7014,21.02749999962532,52.25783060030204,"[1.327377410472534, 7.438510339954716, 8.840017901680048, 5.291721361708946, 7.784931669926931]",0
82,11280,20.949984696748643,52.19867411193842,3294,20.951083299554682,52.19973329985197,"[9.428671447095137, 11.967222105765286, 15.125582811108357, 4.987139875300501, 5.097174737439705]",3
83,11419,21.018871308734152,52.125739669327025,449,21.018141700279273,52.12593329958219,"[15.040122952131853, 14.657206868873507, 18.87791052947696, 11.695882459759895, 13.834815940743429]",3
84,11604,21.063030469469357,52.21142971026217,4160,21.063699999855146,52.2122417003942,"[6.234188583238742, 4.097714741518519, 8.318418402121974, 5.420173784986209, 9.026610966709745]",1
85,11622,21.026550866835812,52.281343330648035,8089,21.025647200158232,52.280924999788965,"[4.415740860897855, 10.220260574456127, 11.621768136181458, 8.38008481213427, 10.873295120352251]",0
86,11748,20.915621814963444,52.219306904798195,4540,20.91594440041382,52.2188360998062,"[8.786701505891706, 13.82829383062604, 16.78998695277039, 6.280529578336534, 3.4871790775399414]",4
87,11886,21.06307805775279,52.14600550377637,788,21.063380600234552,52.145238900255094,"[13.547602162076606, 12.267727545177573, 16.488431205781026, 11.152687572716927, 13.699033651172535]",3
88,12037,21.16402560301245,52.25397638300246,6862,21.16403890017517,52.25446669967852,"[10.6946288150068, 7.848360336009347, 3.4767147352956087, 13.23757506212657, 17.095817995762122]",2
89,12128,21.16726821347005,52.253240028766086,6755,21.16783890004524,52.25286940030264,"[11.000507058090138, 8.154238579092686, 3.7825929783789487, 13.543453305209908, 17.401696238845457]",2
90,12364,21.162775946600657,52.251414071709874,6622,21.162808300262896,52.250772200176925,"[10.704276296448196, 7.858007817450743, 3.486362216737005, 13.247222543567966, 17.10546547720352]",2
91,12517,21.12431524650693,52.250682520626306,6620,21.12288890010268,52.250763900333766,"[8.042882397916731, 6.315598839015188, 2.391379427828807, 11.215883429896293, 14.862890060453545]",2
92,12587,21.131556519259437,52.25018184038412,6587,21.13095560032076,52.25034720036308,"[8.628461251459873, 6.159219364684421, 1.88160804221269, 11.548434090801639, 15.406677024437194]",2
93,12591,21.170246803643188,52.24944201833956,6465,21.170997200360546,52.249352800191616,"[11.397728571107455, 8.541411906416817, 3.564013913172514, 13.940674818227226, 17.798917751862778]",2
94,12655,21.168755737814323,52.249041591481436,6475,21.16787220014197,52.24946939999285,"[11.192262501049592, 8.34599402205214, 3.692348642862047, 13.735208748169363, 17.59345168180492]",2
95,12680,21.12805868459632,52.24953542616046,6477,21.12837219971732,52.249472199582385,"[8.515726209872673, 6.297485753600307, 2.0198744311285752, 11.686700479717524, 15.335733872409486]",2
96,13292,20.858299126672037,52.198166196931396,3263,20.858561099615088,52.19918059990482,"[14.380513663403963, 18.492473049688975, 21.650833755032043, 11.146774526410473, 8.854547529404577]",4
97,13895,20.882258838967555,52.19181384006443,2815,20.88163059957259,52.1917721998272,"[13.419615297915072, 17.4411807984445, 20.599541503787567, 10.095482275165997, 7.8936491639156845]",4
98,14053,20.916308287341636,52.22684094846485,4984,20.916002799689522,52.22675280030154,"[9.131940746082854, 14.21113906509904, 17.172832187243397, 6.663374812809536, 3.870024312012942]",4
99,14118,20.916354221581663,52.23254219310111,5254,20.91662500014371,52.23198610007853,"[8.601359187537733, 14.323716858072359, 16.97609409529305, 6.775952605782852, 3.9826021049862588]",4
100,14126,20.916891454133914,52.23112939181761,5254,20.91662500014371,52.23198610007853,"[8.601359187537733, 14.323716858072359, 16.97609409529305, 6.775952605782852, 3.9826021049862588]",4
101,15476,21.111117780215938,52.20901796521766,3897,21.11086390044869,52.20876939998789,"[8.032804404266686, 2.9853195132421204, 5.411328178755765, 9.103754350332862, 12.848503814912966]",1
102,15651,21.11323332282009,52.20950162852609,3918,21.112766700422924,52.20918059970495,"[8.170688595957039, 3.1232037049324752, 5.54921237044612, 9.241638542023217, 12.986388006603322]",1
103,15660,21.114000119662247,52.211471446377416,4256,21.114552799871888,52.213747199673605,"[8.02004900366698, 2.9725641126424147, 4.546943758363973, 9.090998949733157, 12.835748414313262]",1
104,15713,21.112943215549297,52.21367797588714,4264,21.114494399696866,52.21388609996359,"[8.036012743557707, 2.9885278525331422, 4.530980018473246, 9.106962689623884, 12.85171215420399]",1
105,15716,21.112262722018855,52.214355051236645,4347,21.11365000014746,52.21534719971356,"[7.93098536539376, 2.883500474369196, 4.703510460510291, 9.001935311459938, 12.746684776040043]",1
106,15797,21.111264061891234,52.21549010249155,4439,21.11032780018786,52.216263900258866,"[8.171060956703805, 3.1235760656792415, 5.053847991803392, 9.242010902769984, 12.986760367350088]",1
107,15890,21.114416343083324,52.215182543932386,4347,21.11365000014746,52.21534719971356,"[7.93098536539376, 2.883500474369196, 4.703510460510291, 9.001935311459938, 12.746684776040043]",1
108,15971,21.116188202161506,52.21877467583988,4383,21.116163900243862,52.2159305998174,"[8.11465839435426, 3.0671735033296947, 4.887183489470789, 9.185608340420437, 12.93035780500054]",1
109,16084,21.13969661700489,52.21883154551529,4579,21.13901940022521,52.21970279984441,"[9.724369335464656, 5.710661082390113, 2.640915766528032, 11.829095919480855, 15.573845384060958]",2
110,16104,21.142720329756038,52.21836502898978,4498,21.14298329973957,52.21783609955639,"[9.659186535801012, 5.232524300129298, 2.575732966864388, 11.35095913722004, 15.095708601800144]",2
111,16298,21.14698790979013,52.21927567719034,4556,21.147466699828385,52.21911939974058,"[9.618155423062419, 5.676228749553766, 2.3249243256220677, 11.794663586644505, 15.539413051224612]",2
112,16307,21.147732063889595,52.21967480239567,4592,21.147483300414024,52.21985560005595,"[9.536229439420035, 5.758154733196148, 2.2429983419796855, 11.876589570286887, 15.621339034866994]",2
113,16457,21.159871245465087,52.22029491746816,4569,21.159755600140898,52.219416700320494,"[10.207584279497375, 7.093357202792855, 2.547621417108159, 12.69859678350749, 16.443346248087593]",2
114,16529,21.15464546068979,52.214223401424476,4275,21.155466700028228,52.213991700156896,"[10.66449608732597, 5.867016060019627, 3.0135292222048493, 11.985450897110367, 15.730200361690471]",2
115,16915,21.157475043664448,52.21079812824366,3967,21.15747779996053,52.209655600026,"[11.091943547125034, 6.294463519818691, 3.5730419164942275, 12.412898356909428, 16.157647821489533]",2
116,17281,21.18383214867465,52.18315315374071,2275,21.18472220016946,52.183291699952065,"[14.698190136795919, 10.019849711474894, 7.040506260706238, 16.138284548565636, 19.883034013145732]",2
117,17484,21.18139334959191,52.188191095223864,2580,21.181072200022072,52.188172200186955,"[14.239494641784422, 9.782825677726455, 6.581810765694739, 15.901260514817197, 19.6460099793973]",2
118,17636,21.171414911720696,52.18721645591271,2596,21.17249439979679,52.18853329957216,"[13.62529305688911, 9.052180766527249, 5.9676091807994265, 15.17061560361799, 18.915365068198085]",2
119,17699,21.173527223352796,52.18543289386183,2402,21.172122200079514,52.18515830041531,"[14.206184235207921, 9.317553935707801, 6.548500359118238, 15.435988772798543, 19.180738237378634]",2
120,17781,21.175743684817444,52.191921819621484,2834,21.176763899734226,52.192102799604584,"[13.432872404629514, 9.034228402574437, 5.77518852853983, 15.152663239665179, 18.897412704245276]",2
121,17840,21.180884995683055,52.18198993768067,2151,21.179908300127977,52.180883300224195,"[14.514830125067087, 9.467345234042524, 6.959503541480619, 15.585780071133266, 19.33052953571336]",2
122,17940,21.18346384720633,52.19075772213113,2782,21.18241669997076,52.19103059998224,"[13.488482418224459, 10.37425534151994, 5.828519555835243, 15.979494922234576, 19.72424438681468]",2
123,18131,21.19091361473289,52.1930451574165,2914,21.19114440009406,52.19317219963733,"[13.925066615126267, 10.810839538421748, 6.265103752737051, 16.41607911913638, 20.160828583716487]",2
124,18157,21.192540147012608,52.19220347298353,2823,21.19089719984595,52.19189720019568,"[13.989962719056944, 10.875735642352424, 6.329999856667729, 16.48097522306706, 20.225724687647165]",2
125,18269,21.203336762278493,52.188812580401226,1887,21.20300559992853,52.188544399904174,"[14.83229296233683, 11.471425190131127, 7.172330099947616, 17.323305466346945, 21.06805493092705]",2
126,18530,21.19497903369314,52.182321667005986,2221,21.194011099732506,52.182183299919416,"[14.82580851002211, 10.470951930476346, 7.165845647632897, 16.589386767567085, 20.334136232147188]",2
127,18686,21.19437120212173,52.184458147391105,2298,21.195383299699586,52.18341940008531,"[14.826140792668218, 10.471284213122455, 7.166177930279004, 16.589719050213198, 20.334468514793294]",2
128,18968,21.204836439981367,52.175434182811536,1861,21.204505599853576,52.17577499991637,"[15.938875502137787, 11.584018922592024, 8.278912639748574, 17.70245375968277, 21.447203224262864]",2
129,19067,21.24440538557366,52.212496365344265,4196,21.24371940003033,52.21286110035953,"[16.475150849754684, 13.360923773050164, 8.815187987365467, 18.9661633537648, 22.710912818344905]",2
130,19262,21.24758906249019,52.216681098744395,4096,21.2466999997053,52.21689720014575,"[16.389332560811198, 13.27510548410668, 8.729369698421984, 18.880345064821316, 22.625094529401423]",2
131,19384,21.239863244356542,52.2271347368688,5039,21.238416699571076,52.22776669957358,"[15.542055782622464, 12.427828705917946, 7.88209292023325, 18.03306828663258, 21.77781775121269]",2
132,19487,21.251373815686815,52.21843743988038,4522,21.249999999900126,52.218430599992246,"[17.61718323391718, 14.502956157212656, 9.957220371527962, 20.108195737927293, 23.852945202507406]",2
133,19547,21.22006524369473,52.23716189555616,5508,21.221902799574593,52.23635000005254,"[14.879868593297767, 11.765641516593247, 6.788243523348941, 17.37088109730788, 21.11563056188798]",2
134,19780,21.221054359106606,52.250460457009794,6608,21.221536100110995,52.250261100169666,"[15.197033030773872, 12.082805954069352, 7.1054079608250476, 17.688045534783992, 21.432794999364084]",2
135,19860,21.22229259045429,52.25286013107631,6746,21.222419399835474,52.25273059983738,"[14.986598710476695, 12.08423988894932, 7.106841895705015, 17.689479469663958, 21.43422893424405]",2
136,19872,21.223583338700912,52.25220463386996,6743,21.22391939976052,52.252666700308055,"[14.883916289752285, 11.987083933721204, 7.009685940476899, 17.592323514435844, 21.337072979015936]",2
137,20008,21.04266139239604,52.32890020365235,22,21.042411099992307,52.33091109976749,"[11.737582002538543, 17.201430858125473, 17.361985050725686, 15.472941897032541, 16.68356340405324]",0
138,20141,21.05750889925077,52.32890328640813,109,21.058386100138478,52.32958059956508,"[10.411484044850473, 15.50054665774234, 15.661100850342555, 14.375827996086885, 16.869038304304862]",0
139,20190,21.0623725799696,52.32527011069534,9128,21.063622200404268,52.325261100019816,"[9.810884290051133, 14.899946902943, 15.060501095543215, 13.775228241287545, 16.26843854950552]",0
140,20215,21.076069144867454,52.32586310525849,377,21.0770639002788,52.32606389962933,"[10.280201622806862, 15.36926423569873, 15.529818428298944, 14.244545574043274, 16.737755882261247]",0
141,20270,21.075633784308977,52.32485936186046,9115,21.074305600423145,52.324538900350035,"[10.022917086106649, 15.111979698998516, 15.27253389159873, 13.98726103734306, 16.480471345561035]",0
142,20430,21.066532071846833,52.322612296628265,9084,21.06693060026703,52.32290279972449,"[9.393839623830715, 14.482902236722582, 14.643456429322796, 13.358183575067127, 15.851393883285102]",0
143,20510,21.078889933296313,52.32307209456496,9076,21.079727800097942,52.3225778000255,"[10.276326460772077, 15.365389073663945, 15.525943266264159, 14.24067041200849, 16.733880720226466]",0
144,20882,21.06526278556873,52.311987706729916,8833,21.061491700181875,52.308191699587326,"[7.635491617907364, 12.724554230799232, 12.885108423399446, 11.599835569143776, 14.093045877361751]",0
145,21217,20.9658297089491,52.322232534000065,9081,20.96478060024458,52.32275280000175,"[10.11685961065591, 16.227992540138093, 17.62950010186342, 13.416487298194886, 14.627108805215585]",0
146,21246,20.973076935905727,52.31757274598798,8983,20.974111099747518,52.31743330020669,"[10.263350028711153, 16.374482958193337, 17.775990519918665, 13.56297771625013, 14.773599223270828]",0
147,21421,20.96491987657964,52.33098443851021,34,20.96440280044891,52.33115560025078,"[10.812445929177153, 16.92357885865934, 18.325086420384668, 14.11207361671613, 15.322695123736828]",0
148,21424,20.961956032512063,52.328135970412895,9187,20.96158060016461,52.32751389994655,"[10.871507111540902, 16.98264004102309, 18.384147602748417, 14.171134799079878, 15.381756306100577]",0
149,21438,20.961507849936893,52.3277859024112,9187,20.96158060016461,52.32751389994655,"[10.871507111540902, 16.98264004102309, 18.384147602748417, 14.171134799079878, 15.381756306100577]",0
150,21465,20.965506225213154,52.32962760384833,19,20.96446390038875,52.32954719964363,"[10.64012656284103, 16.751259492323218, 18.152767054048546, 13.939754250380005, 15.150375757400704]",0
151,21685,20.972494249934318,52.32995340749577,33,20.971875000231137,52.329708299698325,"[10.584162380220574, 16.695295309702757, 18.096802871428086, 13.88379006775955, 15.09441157478025]",0
152,21766,20.979860945625603,52.32984683776428,27,20.97860560016835,52.32936670031302,"[10.733744450962881, 16.844877380445066, 18.246384942170394, 14.033372138501857, 15.243993645522556]",0
153,21778,20.978296415947728,52.32817699001736,10,20.97742220027436,52.328724999858935,"[10.626007526943157, 16.73714045642534, 18.13864801815067, 13.925635214482133, 15.136256721502832]",0
154,21836,20.98439214608832,52.33012690136623,54,20.983863900198912,52.3310889002326,"[11.354988496492549, 17.247504287818103, 18.649011849543438, 14.654616184031525, 15.865237691052224]",0
155,21972,20.97379683544829,52.32063777198515,9028,20.97302500020362,52.31973330015171,"[9.271262819947445, 15.382395749429628, 16.78390331115496, 12.570890507486421, 13.78151201450712]",0
156,22262,21.123899131952413,52.23829520297098,5636,21.12472500005873,52.23816939959818,"[7.185575203120127, 4.509148784826136, 1.514096402535939, 9.728521450239898, 13.58676438387545]",2
157,22631,21.100414764105015,52.24857103371236,6431,21.10048059969995,52.249025000003826,"[5.332293315755431, 3.9779336650003567, 3.7656773040461458, 8.061468099304859, 11.919711032940413]",2
158,22784,21.105456329984246,52.24966121413328,6544,21.10463330018672,52.25009719962611,"[5.6423223788389585, 4.036460216341225, 3.462241845381882, 8.451059869855762, 12.309302803491315]",2
159,22812,21.107461590845997,52.245425913444834,6193,21.10830559992354,52.245500000224865,"[5.825973706601702, 3.615952824207171, 2.993618379788477, 8.520233798807556, 12.37847673244311]",2
160,22987,21.078353061096756,52.22393157130004,4802,21.077688900322528,52.223199999780206,"[5.243054787609754, 2.691927694182517, 6.508060035410619, 6.314004733675933, 10.058754198256032]",1
161,23073,21.023912308751157,52.11417029245899,436,21.020791700176858,52.115519400300116,"[16.349189507584253, 15.96627342432591, 20.186977084929367, 13.004949015212294, 15.143882496195825]",3
162,23531,21.07779018898461,52.13259344439547,282,21.07691670014566,52.131494400446286,"[15.341778900956458, 14.061904284057425, 18.282607944660874, 12.946911109128598, 15.493257187584206]",3
163,23675,21.077538850159822,52.134112050606234,611,21.075633300136758,52.132908300177974,"[15.161573095595264, 13.881698478696231, 18.10240213929968, 12.766705303767402, 15.313051382223009]",3
164,23704,21.077034585389278,52.13212610808486,282,21.07691670014566,52.131494400446286,"[15.341778900956458, 14.061904284057425, 18.282607944660874, 12.946911109128598, 15.493257187584206]",3
165,23771,21.069563145388802,52.13358237897961,631,21.069502799814416,52.13427220030184,"[15.145269235272773, 13.86539461837374, 18.08609827897719, 12.750401443444911, 15.108716486969232]",3
166,23904,21.10054616411804,52.126081830188475,508,21.099674999601575,52.12507779970076,"[15.86932557412774, 13.903062026417096, 18.123765687020548, 14.39937866031768, 17.742017756977905]",1
167,24119,21.017941389829552,52.17454323458045,1742,21.018422199724796,52.17355829967585,"[9.866212337075288, 9.483296253816949, 13.7039999144204, 6.52197184470333, 8.841043800141478]",3
168,24148,21.015573900237914,52.20657876281407,3731,21.01534720001331,52.20618889969802,"[6.394230966457427, 7.4459606515797025, 10.604321356922776, 3.1385944432580453, 5.7300511234799485]",3
169,24495,21.096730548227054,52.19011963382128,2627,21.096266700347996,52.188819399995396,"[10.390549053740077, 6.244747686279379, 10.465451346882833, 9.576534255487543, 13.095055760754612]",1
170,24534,21.02571995657668,52.207527394575,4087,21.024399999660318,52.207041699814624,"[5.957029524081344, 7.00875920920362, 10.167119914546694, 3.201151357923808, 6.569102766588545]",3
171,24659,21.023028289107724,52.195735885141424,3079,21.022322199709777,52.19590829972833,"[7.302727924532045, 8.312548620204785, 11.512818314997395, 4.373001754569897, 7.040755900426083]",3
172,24671,21.019450236129494,52.195003153950836,3061,21.01962780028282,52.195500000324785,"[7.492484854856013, 8.502305550528753, 11.702575245321361, 4.2645981858381035, 6.850998970102114]",3
173,24714,21.01729604657298,52.19214655122944,2836,21.017608299783262,52.19201389982169,"[7.992167713984747, 8.467088128238213, 12.202258104450097, 4.42019359191533, 6.986949879892006]",3
174,24786,21.02787153209057,52.18795350675083,2482,21.02721940035508,52.18639720017069,"[8.432121012421106, 7.705854658984953, 11.926558319588406, 5.502394842458961, 8.155241366892083]",3
175,24794,20.999377811476492,52.19709252333772,3136,20.999336100180926,52.19681940019524,"[8.33226838783556, 9.661498209068013, 12.819858914411084, 4.437461821071653, 5.640607271419238]",3
176,24936,21.031196777535985,52.18813215138764,2588,21.030277800380247,52.188349999752745,"[8.322652705251299, 7.3846304303202706, 11.605334090923723, 5.812750706639173, 8.476465595556766]",3
177,25257,20.946391646480475,52.237968933711684,5707,20.945669399723045,52.23894719985344,"[6.202578565618202, 12.124522150081201, 14.577313473373511, 4.57675789779169, 2.272252152034389]",4
178,25420,20.92586618589511,52.237649696373005,5630,20.923063899579347,52.237994399621925,"[8.631351552895072, 14.553295137358072, 17.00608646065039, 7.005530885068563, 4.652827351296766]",4
179,25450,20.987847090873817,52.233393147346725,5268,20.986180599654972,52.232113900036495,"[4.109610236954115, 9.060894672168844, 11.794678307655056, 1.3288931700423816, 3.3672231511184836]",3
180,25555,21.056195594221297,52.270076220180975,7608,21.0568528001167,52.27016109965507,"[3.6457298147839103, 9.288948273496933, 9.449502466097147, 7.68990987605396, 10.183120184271946]",0
181,25594,20.957465350105885,52.187486793089796,2544,20.95775560004097,52.18753330022167,"[9.710475844876285, 12.249026503546437, 15.407387208889508, 5.268944273081651, 5.378979135220854]",3
182,25655,20.913799877968263,52.20399469697296,3521,20.914169400397554,52.20314439959441,"[10.984162906472749, 14.582138743518154, 17.74049944886122, 7.236440220239646, 5.291237481302687]",4
183,25767,20.915316403483075,52.209262833456656,3973,20.91443060039194,52.20980559974868,"[9.956024486606218, 14.54006455248047, 17.698425257823537, 7.19436602920196, 4.442911738268889]",4
184,25838,20.930798265747317,52.20856082614283,3916,20.930983299839454,52.20916109970506,"[10.450477026982782, 13.49899366603042, 16.65735437137349, 6.15329514275191, 4.701285992491641]",4
185,25893,20.9259846793351,52.20237844867357,3471,20.92585279976697,52.202602799979275,"[10.293652766105568, 13.342169405153205, 16.500530110496275, 5.996470881874696, 4.544461731614428]",4
186,26477,20.909429654580425,52.25368217985896,6843,20.909455600295757,52.25409719972606,"[9.488364107330426, 15.442682872140926, 17.86309901508574, 7.894918619851415, 5.600799267881476]",4
187,26827,20.895557650350675,52.25846021195882,7022,20.895969400167758,52.25804169996451,"[10.723472305226247, 16.677791070036744, 19.09820721298156, 9.130026817747234, 6.835907465777297]",4
188,26918,20.892638956916343,52.23590767114342,5781,20.893140876750124,52.239787522776,"[9.835330519731462, 15.75727410419446, 18.21006542748678, 8.209509851904953, 5.856806318133154]",4
189,27121,20.983629497304403,52.21973438049526,4614,20.983400000209883,52.22011670022562,"[5.633017362764245, 8.630543014615405, 11.788903719958482, 1.1914857909696122, 3.0700724005046793]",3
190,27195,20.98506193485185,52.22223939365032,4670,20.98533329979199,52.22105280004672,"[5.416314791218763, 8.52254747171364, 11.680908177056713, 0.9747832194241303, 3.175062087138744]",3
191,27275,20.992981234970113,52.225369578809484,5009,20.99167780009043,52.227244400308905,"[4.433601766053142, 8.283976970049356, 11.30115769781012, 0.5519754679228914, 3.5115373486524697]",3
192,27278,20.996596743472573,52.22583144616104,4925,20.99658329967957,52.225327800237835,"[4.57103426999121, 7.732001502126463, 10.890362207469538, 0, 4.047758716369037]",3
193,27289,20.96743694687751,52.20235953249407,3523,20.96738059963502,52.203180600004714,"[7.857259588156471, 10.395810246826624, 13.554170952169697, 3.415728016361837, 3.284988467050614]",4
194,27343,21.10899972237713,52.20983852729107,3897,21.11086390044869,52.20876939998789,"[8.032804404266686, 2.9853195132421204, 5.411328178755765, 9.103754350332862, 12.848503814912966]",1
195,27347,21.109042884496834,52.20976382190458,3897,21.11086390044869,52.20876939998789,"[8.032804404266686, 2.9853195132421204, 5.411328178755765, 9.103754350332862, 12.848503814912966]",1
196,27354,21.137511778742372,52.23002340547111,5179,21.13763059967249,52.229844399699346,"[8.66871853470733, 5.554491458002809, 0.7571696567786091, 11.15973103871745, 14.904480503297549]",2
197,27475,21.14608990503901,52.2216506923809,4708,21.146327800187862,52.22173890003029,"[9.252981836791863, 5.718502588825369, 1.9597507393515117, 11.74399434080198, 15.488743805382079]",2
198,27566,21.132400549762938,52.21382734456986,4298,21.132794400041575,52.21432220010951,"[9.364333311094478, 4.316848420069915, 3.320924902998685, 10.435283257160654, 14.180032721740762]",2
199,27582,21.141754117481224,52.218917002163096,4500,21.14150000022488,52.21784440029887,"[9.760565956519418, 5.1311448794108925, 2.677112387582793, 11.249579716501634, 14.994329181081739]",2
200,27719,21.189362183467207,52.21228548425309,4227,21.18952220028939,52.21316109980495,"[13.385683272736983, 10.271456196032464, 5.725720410347768, 15.876695776747102, 19.621445241327205]",2
201,27722,21.193500072226318,52.2126959034321,4044,21.192433300356583,52.21075560039071,"[13.61180400740928, 10.49757693070476, 5.9518411450200635, 16.102816511419395, 19.8475659759995]",2
202,27890,21.183665205225402,52.18381871339796,2335,21.183616699551067,52.1840999998152,"[14.365478382302356, 10.00249095128205, 6.707794506212675, 16.120925788372794, 19.86567525295289]",2
203,28216,20.926280395278052,52.28140342353238,8088,20.92540000010996,52.28092220019943,"[8.900127650823832, 15.166185391133082, 17.190980430784837, 9.134223833791468, 8.356069148526869]",4
204,28355,20.95865764620585,52.28391963846412,8260,20.958541700139392,52.28485000002752,"[7.511228526664559, 13.777286266973807, 15.802081306625562, 7.843585927496343, 8.418847635081203]",0
205,28374,20.938621564764436,52.3079257127523,8837,20.93841389968179,52.30824720034809,"[10.19052394094502, 16.48560377921909, 18.481376720906024, 10.904670114213282, 11.479931821798143]",0
206,28441,20.936204544317572,52.26892549128022,7640,20.93600830044278,52.270930600067175,"[7.976686654535028, 14.200923602493596, 16.267539434496033, 7.606075091681835, 6.876575952030444]",4
207,28563,21.099410956904524,52.22085375442115,4667,21.09813329991192,52.22094169959979,"[6.661051556060286, 0, 5.285122626754897, 7.732001502126463, 11.476750966706566]",1
208,28711,21.092843329598065,52.23029856071949,5120,21.094883300224183,52.229658300290396,"[6.089526715884075, 1.4208841381885693, 3.864238488566329, 7.7178059949785816, 11.462555459558681]",1
209,29011,21.14305376702141,52.22853513553091,5095,21.143222200144464,52.22828329983446,"[8.953455561174275, 5.839228484469754, 1.033493741443098, 11.444468065184392, 15.189217529764495]",2
210,29239,20.972180150059923,52.322046869622724,9029,20.97133329989191,52.322122199879686,"[9.561040982184531, 15.672173911666714, 17.073681473392046, 12.860668669723507, 14.071290176744206]",0
211,29370,21.094699989252067,52.24103041363208,5894,21.09582219963488,52.240958299785746,"[5.215217295030044, 2.9278404670935245, 3.754317685347375, 7.7581635421498145, 11.616406475785366]",1
212,29427,21.105594312862166,52.25211531919018,6544,21.10463330018672,52.25009719962611,"[5.6423223788389585, 4.036460216341225, 3.462241845381882, 8.451059869855762, 12.309302803491315]",2
213,29455,21.075268323667355,52.25478588381741,6958,21.07696390016389,52.256769400287624,"[4.139960581232376, 5.373761163398844, 5.869157761747894, 7.589000837521157, 10.95996824376919]",0
214,29943,21.143581667616143,52.241778662099016,5833,21.1434500002174,52.23945000001754,"[9.36532739741512, 6.26212970923925, 1.284731715994946, 11.867369289953885, 15.612118754533984]",2
215,30246,21.196332428006954,52.16560248182662,1220,21.196388900027785,52.162383299649605,"[16.649359995026575, 11.601875104002012, 10.07047842409654, 17.720309941092758, 21.465059405672854]",2
216,30377,20.901068210274424,52.2143402074335,4442,20.90060279997931,52.21686109956016,"[9.785467514954675, 14.82705983968901, 17.788752961833364, 7.279295587399506, 4.485945086602913]",4
217,31029,21.120948781775425,52.27366708236983,7622,21.12086669983836,52.270533300271666,"[9.233380232127098, 7.506096673225553, 4.390313505769269, 12.406381264106658, 16.05338789466391]",2
218,31265,21.115346045884532,52.21632124731675,4383,21.116163900243862,52.2159305998174,"[8.11465839435426, 3.0671735033296947, 4.887183489470789, 9.185608340420437, 12.93035780500054]",1
219,31310,21.000837321354105,52.25313210685274,6806,21.000000000399723,52.25362780038273,"[2.5878571795946588, 8.7440840889665, 10.962592087349972, 3.8486410649977927, 6.079689759031408]",0
220,31512,21.015942617662002,52.23009509669558,5203,21.016336099931095,52.23083059985237,"[3.3281083328579446, 6.489322405939586, 9.358457314650261, 1.5838386359289278, 5.442081569564481]",3
221,31515,21.032326194857696,52.303876451337274,8729,21.02988330017422,52.3037583000056,"[7.929882356221284, 13.39373121180821, 13.554285404408425, 11.665242250715282, 12.875863757735981]",0
222,31732,21.19068123044008,52.18639216454458,339,21.19038059958507,52.187488899792925,"[14.245712001527604, 10.87968903650777, 6.585749139138388, 16.73672450553772, 20.481473970117825]",2
223,31826,21.10288333982608,52.257666175252176,6914,21.107697199566132,52.25573609994109,"[6.098888681769583, 5.151076311251647, 4.335373143975957, 9.271889713749143, 12.918896344306395]",2
224,31970,21.149009567385818,52.276693628948046,7881,21.147286099773737,52.27624720044798,"[10.83312828619829, 9.105844727296745, 4.945556951369476, 14.006129318177852, 17.653135948735102]",2
225,32118,21.095031050551217,52.195113816916034,3004,21.09688329982447,52.19458889985788,"[9.954231599131777, 5.808430231671079, 10.029133892274533, 9.140216800879243, 12.658738306146311]",1
226,32331,20.952140349215345,52.245784503847254,6198,20.953180600404437,52.24562499969403,"[6.413029817579258, 12.36734858238976, 14.787764725334567, 4.819584330100247, 3.278022290040461]",4
227,32439,21.073534763445586,52.14048691098668,723,21.073588900107723,52.14066389971924,"[14.492327875096956, 13.212453258197927, 17.433156918801377, 12.195842995281096, 14.762599283257774]",3
228,32716,21.066686694537406,52.34526392068698,9263,21.067311099827464,52.34191939966064,"[12.411806375003424, 17.500868987895295, 17.661423180495508, 16.376150326239834, 18.869360634457816]",0
229,33028,20.998345879171232,52.22507915378909,4834,20.997686099633825,52.22368060017959,"[4.769208316480673, 7.533827455637001, 10.692188160980072, 0.19817404648946285, 4.140572735098276]",3
230,33070,21.10234413374869,52.21514250750076,4318,21.10131389981666,52.21470829974828,"[6.8964432994198015, 1.8489584083952364, 5.670549462611152, 7.9673932454859795, 11.71214271006608]",1
231,33735,21.141679621658454,52.22950981075561,5094,21.141986099978567,52.22882219968483,"[8.849867004613651, 5.735639927909131, 0.9299051848824745, 11.340879508623768, 15.085628973203871]",2
232,33889,21.133496284462918,52.21787940141353,4407,21.134055600285762,52.217902799574574,"[9.617038471683944, 4.622314591643849, 2.89719327936254, 10.740749428734588, 14.485498893314697]",2
233,33982,21.139323850978567,52.2147506402658,4499,21.14149170038172,52.21530559977367,"[10.043062657101087, 5.413641579992563, 2.959609088164463, 11.532076417083305, 15.27682588166341]",2
234,34079,21.205302264368495,52.154587930839256,307,21.206205600008502,52.1553333000918,"[17.479317816009267, 12.4318329249847, 10.609261507863524, 18.550267762075443, 22.295017226655546]",2
235,34439,21.18935571033225,52.15281691219812,890,21.189363899824173,52.15178330005932,"[16.421061978212165, 11.373577087187602, 11.27842069370518, 17.492011924278344, 21.23676138885844]",2
236,34527,21.237913176370476,52.16802794727166,1443,21.238436099746252,52.16666670040797,"[19.42745352394917, 14.916417596515842, 11.767490661559947, 21.03485243360658, 24.77960189818669]",2
237,34536,21.239915206725072,52.166735859131386,1444,21.240269400112766,52.16666670040797,"[19.437210857565667, 15.088654822748335, 11.777247995176447, 21.207089659839077, 24.95183912441918]",2
238,34612,21.219204313473956,52.192985163380186,2970,21.219994400421285,52.1940193996756,"[16.897309232431283, 13.347095344997587, 9.237346370042067, 19.388321736441398, 23.1330712010215]",2
239,34677,21.201474719095557,52.252324704726625,6726,21.200397199970837,52.25236390037378,"[12.953059239957948, 9.838832163253429, 4.861434170009126, 15.444071743968063, 19.18882120854816]",2
240,34721,21.179205416350502,52.244839632105304,6116,21.178072200171925,52.24423889980545,"[11.074287760857565, 7.960060684153044, 2.9826626909087404, 13.56530026486768, 17.310049729447776]",2
241,34805,21.192202256379314,52.24405968875831,6087,21.190188900097723,52.243716700365496,"[11.936748545148857, 8.82252146844434, 3.8451234752000345, 14.427761049158974, 18.17251051373907]",2
242,34890,21.191191181189108,52.24954084378633,6509,21.19143609969632,52.24989720029561,"[12.28131942899224, 9.167092352287721, 4.1896943590434175, 14.772331933002356, 18.51708139758245]",2
243,34979,21.02296148895587,52.35172770333995,9351,21.021749999762733,52.35169170011193,"[13.843600379834346, 19.307449235421274, 19.468003428021483, 17.523229954672587, 18.733851461693284]",0
244,35069,21.046242139785416,52.34092492629436,9247,21.04763059967246,52.340052800096714,"[12.004372959357863, 17.093435572249735, 17.253989764849948, 15.968716910594274, 17.745080925691532]",0
245,35180,21.05474709691366,52.33415160338434,9223,21.05416940029761,52.33435560033075,"[11.02054112169283, 16.1096037345847, 16.27015792718491, 14.984885072929242, 17.47809538114722]",0
246,35224,21.061691947184173,52.32578948268566,9128,21.063622200404268,52.325261100019816,"[9.810884290051133, 14.899946902943, 15.060501095543215, 13.775228241287545, 16.26843854950552]",0
247,35429,20.939594316255175,52.321028203122935,9036,20.940869399603173,52.320183300219185,"[11.422413264710682, 17.533546194192873, 18.935053755918204, 14.722040952249658, 15.932662459270357]",0
248,35470,20.959220632459132,52.345572932350045,9294,20.960963899964042,52.34450559985362,"[12.573751266060638, 18.68488419554283, 20.086391757268157, 15.873378953599614, 17.084000460620313]",0
249,35514,20.953898880612975,52.32714893318572,371,20.954238900105224,52.326630600222074,"[11.23382958110969, 17.344962510591873, 18.746470072317205, 14.533457268648666, 15.744078775669365]",0
250,36062,20.98136564550018,52.30434368489377,8728,20.981141700029468,52.30368060037944,"[7.897608651660216, 14.008741581142399, 15.410249142867729, 11.197236339199192, 12.40785784621989]",0
251,36149,21.017229172601112,52.32634390088805,102,21.015055600235826,52.327930599917295,"[11.493650851595104, 17.332584613007192, 17.493138805607405, 15.123800814454512, 16.334422321475213]",0
252,36262,20.977058181295515,52.3518155718278,9354,20.976313900066486,52.35194169994952,"[13.085203168736431, 18.970532623067587, 20.372040184792922, 16.71535313159584, 17.925974638616545]",0
253,36364,21.03440381452994,52.302862549766715,8662,21.034586099768717,52.299947199803455,"[7.387469370130967, 12.667532217108116, 12.82808640970833, 11.122829264624963, 12.333450771645662]",0
254,36567,21.003890165821353,52.31642535641926,8991,21.003819400445025,52.31767779979066,"[9.005856392678105, 14.891185847009258, 16.29269340873459, 12.636006355537514, 13.846627862558215]",0
255,36793,20.98739626744013,52.29989064167682,8702,20.987352800291546,52.29973059988731,"[7.7325265333953235, 13.843659462877504, 15.245167024602834, 11.032154220934297, 12.242775727954996]",0
256,37295,21.128312916301518,52.23749350482478,5656,21.128433299657104,52.23827220020195,"[7.358428176418803, 4.61143955190659, 1.1772446651741373, 9.901374423538572, 13.759617357174127]",2
257,37643,21.101031900205296,52.24396259506651,6074,21.101344400323853,52.24358330032908,"[5.301387905886037, 3.128395977603326, 3.3179713592908846, 7.844334153005807, 11.70257708664136]",1
258,37990,21.064543216759002,52.22426583888363,4815,21.065930600017225,52.22337220016698,"[4.353113901502566, 2.5417691981990393, 6.4231971319766785, 5.4240638475687435, 9.168813312148846]",1
259,38239,21.017141204746043,52.114989209712505,430,21.016958300385284,52.11564439976928,"[16.282769404099355, 15.899853320841009, 20.120556981444466, 12.938528911727394, 15.077462392710927]",3
260,38338,21.010325692489122,52.12177885257033,467,21.01008329990441,52.11981939984548,"[16.34546329008092, 15.962547206822576, 20.183250867426032, 13.00122279770896, 15.140156278692494]",3
261,38484,21.0256648244711,52.10996703068136,261,21.028330599977267,52.108355599631295,"[17.57095712208454, 17.1880410388262, 21.408744699429654, 14.226716629712584, 16.36565011069612]",3
262,38522,21.013480747359402,52.120258453433564,466,21.013344399924165,52.11985830002061,"[16.122049481833297, 15.739133398574955, 19.959837059178412, 12.777808989461338, 14.91674247044487]",3
263,38608,21.015406869694367,52.112268108107074,417,21.01480000031978,52.11272220026939,"[16.750226128847768, 16.367310045589424, 20.588013706192875, 13.405985636475805, 15.544919117459337]",3
264,38756,21.078726427511874,52.13356927851995,281,21.079852799567107,52.13201109963262,"[15.559604436076137, 14.279729819177104, 18.500433479780554, 13.164736644248277, 15.711082722703885]",3
265,38824,21.104989195212063,52.121139205635686,475,21.103452799706986,52.121391699867104,"[16.203286598667205, 14.23702305095656, 18.45772671156001, 14.733339684857144, 18.07597878151737]",1
266,38837,21.080537460905603,52.13611989057549,689,21.082163899844147,52.13876390023387,"[14.724410246413933, 12.758146698703294, 16.978850359306744, 12.731594668804668, 15.298350956781345]",3
267,39018,21.098005259593716,52.23965794606404,5691,21.09798060042442,52.238824999973815,"[5.552275380776024, 2.5718354304276496, 3.568507808917801, 7.862882010846312, 11.678884847962227]",1
268,39339,21.032482483024765,52.14891889315914,846,21.03261390001154,52.14945279960705,"[12.886414557474366, 11.606539940575333, 15.827243601178786, 9.755083476144069, 11.894016957127604]",3
269,39346,21.04334545326539,52.15340666510471,922,21.043180600404412,52.152783300309125,"[12.668678846057722, 11.388804229158689, 15.609507889762142, 9.861023903070304, 11.99995738405384]",3
270,39424,21.018770542626896,52.172199320826124,1620,21.01930829993813,52.17130000039475,"[9.978439512146391, 9.595523428888052, 13.816227089491505, 6.634199019774435, 9.182578451191556]",3
271,39565,21.02358386940958,52.205586205254505,3683,21.022836100205893,52.20553059955756,"[6.124454964694837, 7.176184649817112, 10.334545355160186, 3.194728794732689, 6.411091298940979]",3
272,39689,21.08680870850538,52.19393805712384,2984,21.086011099732502,52.19416390004403,"[9.415688931493936, 5.2698875640332385, 9.490591224636695, 8.515247276258535, 11.946896454973889]",1
273,39724,21.055537589659416,52.21435011829779,4248,21.057408299653332,52.21358330002931,"[5.729051631431313, 4.60285169332595, 8.823555353929404, 4.915036833178779, 8.521474014902315]",1
274,39786,21.057052127298814,52.2140875809884,4248,21.057408299653332,52.21358330002931,"[5.729051631431313, 4.60285169332595, 8.823555353929404, 4.915036833178779, 8.521474014902315]",1
275,39850,21.051091344508407,52.17828007146117,2020,21.050886099613876,52.1785583000256,"[9.219394667732207, 7.774057365395763, 11.994761025999217, 7.21821200857764, 10.586703346658094]",3
276,39983,20.924073468676436,52.30844837834204,8806,20.92430559982364,52.308591700046975,"[10.684836741284325, 16.9799165795584, 18.975689521245332, 11.269074021594127, 11.844335729178988]",0
277,40023,21.168455685533353,52.26352129465396,7315,21.16959170029679,52.26323890005523,"[11.044167582943174, 8.66002234186691, 4.28837674115317, 14.049237067984132, 17.864175245479984]",2
278,40599,21.16325086363219,52.271968454962696,7676,21.16409440003656,52.271658299990634,"[11.304640630242714, 9.577357071341167, 5.3139970075490135, 14.477641662222275, 18.124648292779526]",2
279,40668,21.15587342359389,52.27157412777079,7726,21.15686109976002,52.272774999866385,"[10.780064452681591, 9.052780893780046, 4.892493117852776, 13.953065484661153, 17.600072115218403]",2
280,40867,21.15003945349076,52.270128025622654,7623,21.15020000032979,52.270533300271666,"[10.26143373606644, 8.534150177164895, 4.373862401237626, 13.434434768046001, 17.081441398603253]",2
281,41310,21.165760465633525,52.26609198542639,7402,21.16647220033184,52.266711099737506,"[10.884320352787213, 9.056199719274229, 4.684554118560489, 14.057321384766775, 17.70432801532402]",2
282,41320,21.152448567486474,52.26629328595355,7448,21.15253889955062,52.26657780042518,"[10.281129300041703, 8.553845741140156, 4.393557965212889, 13.454130332021265, 17.101136962578515]",2
283,41539,21.15043786565394,52.264952614403214,7400,21.14943609999608,52.26547499957161,"[10.036298891939104, 8.309015333037557, 4.14872755711029, 13.209299923918666, 16.856306554475918]",2
284,41637,21.156805572774108,52.264204246413684,7363,21.156494400296367,52.2642749999913,"[10.089212263508944, 8.361928704607397, 4.201640928680129, 13.262213295488506, 16.909219926045754]",2
285,41657,21.15054634427811,52.26389580708666,7260,21.150430599992262,52.262263900059,"[9.618552636276533, 7.891269077374986, 3.7309813014477182, 12.791553668256094, 16.438560298813346]",2
286,41886,21.169089168542047,52.261427419953904,7177,21.169325000048786,52.26081939999534,"[10.924631305287452, 8.538652713437637, 4.167007112723899, 13.92786743955486, 17.744638967824255]",2
287,42158,20.996089296251643,52.26842909412326,7533,20.995883299774505,52.268541700339256,"[4.355178691698417, 10.650258529972488, 12.64603147165942, 5.617147864517169, 7.632566181893134]",0
288,42179,20.992517842210262,52.26834639895294,7503,20.99340000001007,52.26816389964432,"[4.217858014872104, 10.512937853146173, 12.508710794833105, 5.479827187690856, 7.495245505066821]",0
289,42425,20.981930392602663,52.26567689398691,7299,20.981486099903634,52.26580830001308,"[4.631023059612588, 10.897080799921833, 12.921875839573588, 5.07115665650172, 6.611202202541823]",0
290,42648,20.98876314270657,52.26182030432816,7219,20.988700000005053,52.26141939978555,"[3.8596160396279435, 10.125673779937193, 12.150468819588948, 4.955797814661626, 6.495843360701729]",0
291,42686,20.95851295125552,52.228853500650125,5058,20.95935829984569,52.228102799604585,"[5.852247024939383, 10.597607311328298, 13.559300433472645, 3.0498430590387873, 1.3194000849638172]",4
292,42722,20.94612698633388,52.2472235769517,6299,20.94752220008951,52.24703609983618,"[6.603291807373172, 12.557610572183673, 14.97802671512848, 5.0098463198941605, 3.02415879616477]",4
293,42806,20.944127347667383,52.247579184427615,6290,20.942922200199405,52.24683060025205,"[6.918300481697947, 12.872619246508448, 15.293035389453255, 5.324854994218935, 3.1954008482062766]",4
294,42836,20.939662086931822,52.24118683906369,6014,20.94084440024892,52.24268060042942,"[6.818498508927218, 12.740442093390218, 15.193233416682528, 5.192677841100705, 2.8399743073289088]",4
295,43094,20.963793722895954,52.18905534966502,2589,20.9636389001152,52.18836110008476,"[9.748715753496054, 11.885076305697266, 15.043437011040337, 5.30718418170142, 5.417219043840624]",3
296,43134,20.96294192644561,52.18916898570453,2692,20.963183299969387,52.18977780030531,"[9.52558865786107, 11.846255595790764, 15.004616301133835, 5.084057086066434, 5.194091948205638]",3
297,43298,20.963430398949967,52.191721239131496,2863,20.963755599741205,52.19234999985264,"[9.174699394664316, 11.667048370075396, 14.825409075418465, 4.733167822869682, 4.843202685008885]",3
298,43373,20.959571452590662,52.18794143012199,2532,20.959211099712547,52.18723329987694,"[9.79795790748451, 12.315712554905438, 15.474073260248511, 5.356426335689876, 5.466461197829079]",3
299,43447,20.901876704841342,52.21085718759623,4078,20.90222780027284,52.21110830010804,"[10.3317120461509, 15.277435648755613, 18.33499749302959, 7.825540118595729, 4.868970028075482]",4
300,43565,20.864778353310953,52.2070659534784,3809,20.865061099889886,52.207316699905846,"[14.189273618745652, 18.30123300503066, 21.45959371037373, 10.955534481752158, 8.663307484746262]",4
301,43958,20.88812632371531,52.19639168661568,3107,20.88856390040371,52.196333300441495,"[13.302474470823011, 16.66368283785114, 19.822043543194205, 9.317984314572632, 7.661764879466519]",4
302,44138,20.89002396651379,52.19477243604879,2979,20.889738899730503,52.19413610020092,"[13.400271583113462, 16.687024064982204, 19.845384770325268, 9.341325541703695, 7.750397153352877]",4
303,44211,20.887305199695373,52.192377043304226,2864,20.88780279965954,52.192352800341496,"[13.372743096580162, 16.934723707797666, 20.093084413140737, 9.589025184519167, 7.846776962580774]",4
304,44216,20.887726385934062,52.19194874695743,2816,20.88808060023956,52.19180280015917,"[13.436822838248286, 16.88101660153343, 20.039377306876496, 9.535318078254926, 7.9108567042489]",4
305,44422,20.87251825659933,52.18658477023868,2492,20.872291700401718,52.18652779971825,"[14.373461401834714, 18.15324771422881, 21.31160841957188, 10.807549190950306, 8.847495267835326]",4
306,44424,20.871340276510388,52.18496780365452,2440,20.87164999994758,52.185686099933605,"[14.476892485780834, 18.256678798174924, 21.415039503517995, 10.910980274896422, 8.950926351781442]",4
307,44615,20.878880229271154,52.18831897293565,341,20.87906669986836,52.18898059987481,"[13.921089742025359, 17.510713729688725, 20.669074435031796, 10.165015206410226, 8.39512360802597]",4
308,44674,20.880273473134142,52.18889676326373,342,20.88040280014917,52.189038900225114,"[13.829485995860242, 17.41910998352361, 20.57747068886668, 10.07341146024511, 8.30351986186085]",4
309,44755,20.882058573179982,52.18806702722036,2657,20.882105599893578,52.18915829961588,"[13.71227906668328, 17.301903054346653, 20.46026375968972, 9.95620453106815, 8.186312932683894]",4
310,45107,20.897618614306147,52.182675707196324,2450,20.89402156124612,52.18257304720839,"[13.103406973139649, 16.151923612187282, 19.310284317530346, 8.806225088908777, 7.354215938648508]",4
311,45228,21.0084298579731,52.254714883480396,6797,21.00689170039169,52.25345280040648,"[2.2647635434184097, 8.447262268878042, 10.639498451173722, 3.922500311106733, 6.153549005140348]",0
312,45302,21.03174019287013,52.22448706080548,4870,21.030477799710752,52.224433300356566,"[4.0055065803543055, 5.24022670928991, 8.39858741463298, 2.4917747928365546, 6.355296259368637]",3
313,45387,21.013164387328505,52.280537654980364,8084,21.01410559959379,52.28091109986741,"[4.365893520057239, 10.477026449539421, 11.878534011264751, 8.031351361562319, 10.262400055595934]",0
314,45521,20.902305258721587,52.26329275500065,7307,20.901813899891636,52.26318059970498,"[10.983297992399189, 16.937616757209693, 19.35803290015451, 9.389852504920178, 7.095733152950243]",4
315,45545,20.87414408401845,52.25078899900138,6630,20.87460830003306,52.25092500038852,"[12.36004968142476, 18.28199326588776, 20.734784589180084, 10.734229013598249, 8.381525479826454]",4
316,45628,20.892926706440477,52.254487024523954,6860,20.893844400198986,52.25443610024587,"[11.15762830529009, 17.11194707010059, 19.532363213045407, 9.564182817811082, 7.270063465841143]",4
317,45837,20.892539891093254,52.25512950335711,6911,20.89281109985245,52.25573059968747,"[11.073846148384137, 17.028164913194633, 19.448581056139453, 9.480400660905124, 7.186281308935188]",4
318,45989,20.895283923708785,52.221612884063894,4650,20.896594400211427,52.22066940017271,"[10.29098732423941, 15.332579648973747, 18.2942727711181, 7.784815396684239, 4.9914648958876455]",4
319,46036,21.11255634490575,52.224827549276355,4886,21.112797200030798,52.224741700369236,"[8.103764373355311, 3.0562794823307455, 6.013153906717449, 9.174714319421488, 12.919463784001591]",1
320,46269,21.135966656417324,52.232596626120916,5397,21.135013899871637,52.23453890035,"[7.861396042493515, 4.747168965788991, 0.6152194235006105, 10.352408546503629, 14.097158011083732]",2
321,46361,21.134873035106907,52.23858868613882,5639,21.134580600214576,52.23804440012901,"[7.826615777438615, 4.980347298441163, 0.631658293310583, 10.369562024558382, 14.227804958193937]",2
322,46366,21.134044726987636,52.23949292071663,5821,21.13353330012177,52.24010279990432,"[7.765362356553801, 4.9190938775563495, 0.9623681319378752, 10.308308603673572, 14.166551537309124]",2
323,46653,21.13864727710828,52.23518198804324,5422,21.139630600172097,52.23505560043566,"[8.290849486456517, 5.176622409751993, 0.10850021700290353, 10.781861990466632, 14.526611455046732]",2
324,46675,21.1416740058776,52.23258084836874,5280,21.14161109977249,52.23233059977741,"[8.430501089827251, 5.316274013122729, 0.3681392496270965, 10.921513593837368, 14.666263058417467]",2
325,46740,21.14104706814738,52.23610919024856,5452,21.14112779960834,52.23538060013465,"[8.399349703459421, 5.285122626754897, 0, 10.890362207469538, 14.635111672049637]",2
326,46781,21.148231983523022,52.23317273891454,5326,21.14752500017869,52.233291699852145,"[9.103247578334278, 5.9890205016297555, 0.7038978748748589, 11.594260082344398, 15.339009546924498]",2
327,46881,21.140747668901028,52.238042939012495,5624,21.141875000430957,52.23789440040633,"[8.459343269959247, 5.367666570285806, 0.3902685770415023, 10.972906151000442, 14.717655615580542]",2
328,46941,21.14858853916973,52.23180765988011,5220,21.14849170033176,52.23127780033025,"[9.33686817654547, 6.222641099840949, 0.9375184730860525, 11.827880680555591, 15.572630145135694]",2
329,46957,21.15038433600641,52.23176917518152,5236,21.150202799919327,52.231602800029236,"[9.457230383284532, 6.3430033065800115, 1.0578806798251144, 11.948242887294654, 15.692992351874754]",2
330,47399,21.13732243814732,52.21438532679662,4411,21.13580829981322,52.21625830018047,"[9.687553527359345, 4.640068636334778, 3.309358629896345, 10.758503473425518, 14.503252938005625]",2
331,47513,21.135878749268183,52.21932629261157,4632,21.13631939982048,52.2203250002986,"[9.306257716519186, 4.933095346808607, 2.586412524197781, 11.051530183899349, 14.796279648479455]",2
332,47577,21.12895473423595,52.21337350549461,4116,21.129641699804665,52.21137779994558,"[9.916968681120942, 4.869483790096377, 3.8735602730251473, 10.987918627187119, 14.732668091767223]",2
333,47923,21.149443150634845,52.21490050874488,4282,21.149850000377285,52.21406109993984,"[10.28050036925145, 5.483020341945106, 2.774634795314253, 11.601455179035847, 15.346204643615952]",2
334,47980,21.15264385996761,52.21681063338594,4453,21.152266699948314,52.21653609986117,"[10.316789834982814, 6.765174895231616, 2.6591059588931296, 12.807802338992932, 16.55255180357303]",2
335,48432,21.14021599171317,52.208296285222,3827,21.140374999606593,52.2074916998821,"[10.735939366891479, 5.688454475866917, 4.692530958795685, 11.806889312957656, 15.551638777537761]",2
336,48506,21.142332403583513,52.20359793766711,3563,21.141630599772384,52.203719400030366,"[10.67706233947995, 5.629577448455387, 5.107927035085754, 11.74801228554613, 15.492761750126233]",2
337,48739,21.178430306008476,52.180778556744485,2181,21.17917500012618,52.181491699682226,"[14.503690701588875, 9.456205810564311, 6.875249626403498, 15.574640647655054, 19.319390112235148]",2
338,48815,21.18175026198053,52.17712875976487,1880,21.18183060010216,52.17617219988716,"[14.857761844021505, 9.810276952996942, 7.842990685874799, 15.928711790087684, 19.673461254667785]",2
339,48954,21.134404884837306,52.19915341741396,3318,21.1346305998224,52.200152800311514,"[10.401247840210521, 5.353762949185959, 4.902741972483693, 11.4721977862767, 15.216947250856805]",2
340,49108,21.14552885978526,52.18485473666887,2333,21.14564170020435,52.18397500034604,"[11.930413382441012, 6.8829284914164495, 6.872463283106054, 13.00136332850719, 16.746112793087292]",2
341,49476,21.149958007123324,52.20796350108952,3824,21.1496556002258,52.2074806004494,"[11.0740506990287, 6.026565808004137, 3.65609125304893, 12.145000645094877, 15.88975010967498]",2
342,49573,21.126891127705882,52.19660004694463,3166,21.127163900293795,52.197447199828446,"[9.905237881256546, 4.857752990231982, 6.729989984455527, 10.976187827322724, 14.720937291902828]",1
343,49715,21.158834474697052,52.2011737976557,3500,21.158541699739715,52.20291389975671,"[12.198493837780983, 7.151008946756419, 4.618752776450108, 13.26944378384716, 17.01419324842726]",2
344,49890,21.122185671793478,52.19716542325081,3127,21.11986110040948,52.19674719992338,"[9.272706101251861, 4.225221210227296, 6.097458204450842, 10.343656047318035, 14.088405511898143]",1
345,50333,21.211925567674538,52.15813678336947,1086,21.211213900201358,52.15853060040695,"[17.7012606106004, 12.862077315020748, 10.043576734510715, 18.980512152111487, 22.725261616691597]",2
346,50367,21.214589531911432,52.16049706361568,1156,21.21552779966828,52.160566699693504,"[17.669688008531836, 12.98604478805385, 10.009725146142618, 19.10447962514459, 22.849229089724695]",2
347,50423,21.200678818669534,52.166571932827445,1369,21.200705599983507,52.16642500041348,"[16.71341522768039, 11.665930336655826, 9.249403126454512, 17.784365173746572, 21.529114638326668]",2
348,50562,21.200815276361084,52.16708852651044,1369,21.200705599983507,52.16642500041348,"[16.71341522768039, 11.665930336655826, 9.249403126454512, 17.784365173746572, 21.529114638326668]",2
349,50882,21.213635930235817,52.16486689776969,1294,21.21420000012995,52.164638900065256,"[17.352303037439555, 12.997446457893794, 9.692340175050338, 19.115881294984533, 22.860630759564643]",2
350,50892,21.211747288926286,52.16652338654531,1434,21.212775000066245,52.16666670040797,"[17.147175492775585, 12.792318913229822, 9.487212630386368, 18.910753750320566, 22.65550321490067]",2
351,50915,21.214311288334528,52.1641425833562,1294,21.21420000012995,52.164638900065256,"[17.352303037439555, 12.997446457893794, 9.692340175050338, 19.115881294984533, 22.860630759564643]",2
352,50934,21.215820610389876,52.164691213970514,1175,21.216916700045715,52.164977799685744,"[17.541982588382005, 13.187126008836241, 9.882019725992786, 19.305560845926983, 23.050310310507086]",2
353,51111,21.183409979496084,52.240892468200194,5924,21.1816222002044,52.24150279971451,"[11.4638313559711, 8.34960427926658, 3.3722062860222777, 13.954843859981219, 17.699593324561313]",2
354,51149,21.184914538187865,52.241068048997334,5832,21.18695280033154,52.24028330013425,"[11.869159979450156, 8.754932902745638, 3.777534909501333, 14.360172483460275, 18.10492194804037]",2
355,51353,21.18835978933759,52.24314817855079,6026,21.18760279972946,52.24300000005002,"[11.784345716937786, 8.670118640233268, 3.6927206469889633, 14.275358220947904, 18.020107685527996]",2
356,51448,21.189856550888315,52.244153945438626,6117,21.190011099632613,52.24425000013747,"[11.957792263347448, 8.843565186642929, 3.8661671933986246, 14.448804767357567, 18.19355423193766]",2
357,51565,21.193921615910384,52.24316365614299,5956,21.19081669973093,52.24184170023432,"[12.044746531762069, 8.930519455057551, 3.953121461813247, 14.535759035772188, 18.280508500352283]",2
358,51671,21.196806391898956,52.24460495560993,6127,21.19748059965002,52.24433610033083,"[12.468075534821944, 9.353848458117424, 4.376450464873121, 14.959088038832062, 18.70383750341216]",2
359,51701,21.18543750059544,52.247573981221834,6295,21.18541109974251,52.24691389995655,"[11.63914317835841, 8.52491610165389, 3.5475181084095846, 14.130155682368525, 17.874905146948624]",2
360,52085,21.026904269087275,52.348780498844,9342,21.027236099866172,52.35082500007377,"[13.577096258111684, 19.040945113698612, 19.20149930629882, 17.256725832949925, 18.467347339970622]",0
361,52413,21.036875462590036,52.33688648000677,201,21.03456110041452,52.336913899956585,"[11.834169327559877, 17.29801818314681, 17.45857237574702, 15.569529222053875, 16.780150729074574]",0
362,52506,21.040703622178874,52.3324004593346,48,21.041327800038005,52.33170279994431,"[11.900372908945593, 17.364221764532523, 17.524775957132736, 15.635732803439591, 16.84635431046029]",0
363,52512,21.046993072084316,52.33272004705308,107,21.047463900438686,52.33333329959214,"[12.03927586655806, 17.25779715840116, 17.418351351001373, 15.77463576105206, 16.98525726807276]",0
364,52603,21.04137956548669,52.33351651141749,48,21.041327800038005,52.33170279994431,"[11.900372908945593, 17.364221764532523, 17.524775957132736, 15.635732803439591, 16.84635431046029]",0
365,52684,21.048192588953288,52.335586257330576,192,21.04740279959958,52.33433060007718,"[12.15032817730364, 17.368849469146742, 17.529403661746954, 15.88568807179764, 17.096309578818342]",0
366,52795,21.06468325633992,52.33739885022108,110,21.065030599882334,52.33333329959214,"[11.109265526257854, 16.198328139149723, 16.358882331749935, 15.073609477494266, 17.566819785712244]",0
367,52959,21.028233161404597,52.351445579926484,9342,21.027236099866172,52.35082500007377,"[13.577096258111684, 19.040945113698612, 19.20149930629882, 17.256725832949925, 18.467347339970622]",0
368,53327,20.94849339500908,52.331623307903584,68,20.947991700156877,52.33241390018139,"[12.178180506519258, 18.289313436001443, 19.690820997726775, 15.477808194058234, 16.68842970107893]",0
369,53651,20.972681397145767,52.35506954079274,151,20.973152800161643,52.356000000399774,"[13.882045545375195, 19.97321722486761, 21.374724786592946, 17.18167323291417, 18.392294739934872]",0
370,53718,20.97517469443367,52.34755339340266,9308,20.97493610002107,52.347319399570665,"[12.857104380109282, 18.948276059601696, 20.34978362132703, 16.156732067648257, 17.367353574668957]",0
371,53779,20.949984292195165,52.349100352857235,9319,20.94797780023532,52.34769720026566,"[12.846854819031568, 18.95798774851376, 20.359495310239087, 16.146482506570543, 17.357104013591243]",0
372,53908,20.978059325552067,52.32162658442961,9056,20.97803889957561,52.321372200366795,"[9.649563456334421, 15.760696385816605, 17.16220394754193, 12.949191143873398, 14.159812650894096]",0
373,54176,20.97591892856576,52.34099241655549,9259,20.975777799805655,52.341600000040046,"[12.558968670410815, 18.482446289412646, 19.88395385113798, 15.858596357949791, 17.069217864970486]",0
374,54386,20.98212479095246,52.34442907958678,9278,20.982455599646244,52.34348330001433,"[12.042488695288801, 17.927818149619952, 19.329325711345287, 15.672638658148209, 16.88326016516891]",0
375,54593,20.999065443611986,52.34459334378664,9270,20.99880559999849,52.345749999862676,"[12.527045172095626, 18.412374626426786, 19.81388218815212, 16.157195134955035, 17.367816641975743]",0
376,54695,20.99714470069844,52.33705409920052,135,20.998172200286888,52.33688329962462,"[12.02063597443454, 17.905965428765693, 19.230626929486935, 15.650785937293948, 16.861407444314647]",0
377,54749,21.00358852008573,52.33592078154157,196,21.003569399708056,52.33633059967747,"[12.466305304468843, 18.351634758799996, 18.776553944049112, 16.096455267328253, 17.30707677434895]",0
378,54879,20.98932652619525,52.33308890089682,94,20.989341699559816,52.33333329959214,"[10.803914686505419, 16.68924414083657, 18.090751702561906, 14.434064649364826, 15.644686156385527]",0
379,54911,20.990387289943264,52.33342830372872,74,20.990400000159923,52.332919400110256,"[10.908213384837442, 16.793542839168595, 18.19505040089393, 14.53836334769685, 15.74898485471755]",0
380,54973,20.98960734793481,52.3300185938747,49,20.989216700090708,52.32915830041526,"[10.255993017718158, 16.141322472049307, 17.542830033774642, 13.886142980577565, 15.096764487598266]",0
381,55091,21.002100803514566,52.330164346953474,9196,21.00401939977553,52.32925280027655,"[11.36723743231884, 17.25256688664999, 18.440023475005944, 14.997387395178247, 16.208008902198948]",0
382,55174,21.002551174298997,52.324949702563316,9121,21.002263899759214,52.32478060034447,"[10.320679279302992, 16.206008733634143, 17.607516295359474, 13.9508292421624, 15.1614507491831]",0
383,55324,20.980517383505674,52.30814608295268,8846,20.982250000237343,52.3088749999813,"[7.900610250152432, 14.011743179634616, 15.413250741359946, 11.200237937691409, 12.410859444712107]",0
384,55573,21.04298467658128,52.30835767773424,8836,21.043055600035984,52.30794440041382,"[9.245315825313332, 14.709164680900258, 14.869718873500473, 12.98067571980733, 14.191297226828029]",0
385,55955,20.94665495571621,52.34406917068404,242,20.949047200268126,52.346419400335094,"[12.687081326494317, 18.798214255976507, 20.199721817701835, 15.986709014033293, 17.197330521053992]",0
386,56228,20.97183488893185,52.28375781299317,8222,20.971330600127146,52.28402499975397,"[6.60220243052357, 12.868260170832821, 14.893055210484576, 7.475140801598551, 8.471555142908777]",0
387,56363,20.970712380484667,52.28026782993101,8043,20.971155600150894,52.279980600124645,"[6.344062605281873, 12.610120345591122, 14.634915385242877, 6.897830119631047, 7.894244460941273]",0
388,56534,20.945832689944698,52.281830737764416,8158,20.94524999998754,52.2826222003543,"[7.8213206460134, 14.08737838632265, 16.112173425974404, 8.153678046845185, 8.37961447964494]",0
389,56566,20.948339159874244,52.2805545501305,8006,20.948736099591372,52.279152800261556,"[7.424706754261529, 13.69076449457078, 15.715559534222535, 7.757064155093313, 7.775051504080372]",0
390,56593,20.94524975822527,52.28092640326987,8056,20.944269399912912,52.28035830009554,"[7.757769870863526, 14.023827611172777, 16.04862265082453, 8.09012727169531, 8.10569392929222]",0
391,56606,20.94703771141738,52.2813917847816,8171,20.947222199744772,52.28277780015543,"[7.629983004826405, 13.896040745135654, 15.920835784787409, 7.962340405658189, 8.22881946982056]",0
392,56684,20.952779264581572,52.2840419583005,8207,20.952297199955865,52.28365830029037,"[7.612646500049312, 13.87870424035856, 15.903499280010315, 7.945003900881096, 8.331983433281085]",0
393,56957,20.955682014968037,52.281059448707545,8131,20.95606389972926,52.28205830025041,"[7.180878116336866, 13.446935856646114, 15.471730896297869, 7.51323551716865, 7.9484582811573965]",0
394,57087,20.93813784289935,52.30738210820316,8837,20.93841389968179,52.30824720034809,"[10.19052394094502, 16.48560377921909, 18.481376720906024, 10.904670114213282, 11.479931821798143]",0
395,57267,20.94100858556614,52.322709325601124,9037,20.94184720008826,52.32088060035949,"[11.409756219519856, 17.520889149002052, 18.922396710727384, 14.709383907058832, 15.920005414079531]",0
396,57284,20.946983154206347,52.33875072110237,238,20.946511100407008,52.339616699950795,"[12.693079935879098, 18.804212865361286, 20.205720427086618, 15.992707623418074, 17.203329130438775]",0
397,57308,20.948357202922654,52.33734435939649,238,20.946511100407008,52.339616699950795,"[12.693079935879098, 18.804212865361286, 20.205720427086618, 15.992707623418074, 17.203329130438775]",0
398,57813,21.11003848683069,52.243489635805815,6097,21.109913899806656,52.243827799913106,"[6.009778140496918, 3.6484434130163015, 2.7981109365356787, 8.552724387616687, 12.41096732125224]",2
399,57898,21.1137647761049,52.242814008755175,5988,21.11350000042472,52.242294400066555,"[6.389588134333785, 4.028253406853168, 2.6664900046928097, 8.932534381453555, 12.790777315089105]",2
400,57934,21.060775155924222,52.22682863474184,5041,21.06008329980449,52.22781939984549,"[3.6985165678763967, 3.13601162704395, 6.120895693526959, 4.769466513942575, 8.514215978522675]",1
401,58202,21.088617697034593,52.16036890287046,1132,21.089427799553334,52.16000279958956,"[11.709916405582922, 9.596771786857854, 13.817475447461305, 10.330398162716753, 13.673037259376972]",1
402,58787,21.12984921000319,52.15704030454213,1034,21.12862219955491,52.15672779964831,"[15.106556617091515, 10.960755249630813, 15.181458910234266, 13.732265647221352, 17.07490474388158]",1
403,59122,21.10425179862609,52.130041690802436,539,21.103658300190432,52.127730600087204,"[15.488732767361524, 13.522469219650882, 17.74317288025433, 14.018785853551465, 17.361424950211692]",1
404,59125,21.102395347749457,52.13116212308856,539,21.103658300190432,52.127730600087204,"[15.488732767361524, 13.522469219650882, 17.74317288025433, 14.018785853551465, 17.361424950211692]",1
405,59256,21.0999365228256,52.10894129365826,264,21.09986669998824,52.10846389958937,"[0, 0, 0, 0, 0]",0
406,59293,21.107356947004977,52.13470866210163,571,21.107063899679304,52.130477799610844,"[15.92556980662257, 13.959306258911928, 18.180009919515378, 14.455622892812512, 17.79826198947274]",1
407,59461,21.060674380398776,52.15216217277939,904,21.06119720009076,52.152383299849475,"[12.489699904153055, 11.209825287254024, 15.430528947857475, 10.394827374528903, 12.961583662505578]",3
408,59526,21.034422228727017,52.16445147623139,1297,21.03579170032674,52.164716700415454,"[10.824088663508654, 9.544214046609625, 13.764917707213076, 8.427915587033421, 10.73382623664503]",3
409,59721,21.06042662791425,52.154273403627975,987,21.060488900342534,52.1555416999895,"[12.10209081348187, 10.822216196582842, 15.042919857186295, 10.100908154327298, 12.693486345322452]",3
410,59881,21.05885114202106,52.158105345621365,1077,21.058697199915912,52.158047200418025,"[12.408670627152391, 11.128796010253359, 15.349499670856812, 10.407487967997817, 13.000066158992972]",3
411,59911,21.060010179558347,52.15635754755371,987,21.060488900342534,52.1555416999895,"[12.10209081348187, 10.822216196582842, 15.042919857186295, 10.100908154327298, 12.693486345322452]",3
412,60423,21.033562416815368,52.19481142028047,3041,21.03200279988937,52.19520829982321,"[7.473507210816118, 7.293456168173694, 11.375450590793124, 4.963605212203992, 8.112157324527985]",3
413,60590,21.07008436375439,52.21452442054453,4329,21.068297200155712,52.215088900032754,"[6.955332302326132, 4.116006044932704, 8.336709705536158, 6.1413175040736006, 9.747754685797133]",1
414,61029,21.030398122108522,52.14966935896351,833,21.03121939955571,52.1485249996291,"[13.02707945739503, 11.747204840495998, 15.967908501099451, 9.895748376064736, 12.034681857048273]",3
415,61067,21.02861280489074,52.149248984444206,847,21.028394399681872,52.14915280016163,"[13.312851165719573, 12.03297654882054, 16.253680209423994, 10.181520084389279, 12.320453565372812]",3
416,61097,21.022774482404976,52.1525729754873,889,21.022694400326372,52.151669400022854,"[13.398498598077483, 13.015582514819139, 17.23628617542259, 10.054258105705523, 12.19319158668906]",3
417,61705,21.016369819213814,52.12544664508778,382,21.016202799719508,52.12541939998539,"[15.229315560225194, 14.84639947696685, 19.067103137570303, 11.885075067853236, 14.024008548836768]",3
418,61904,21.161602567203154,52.255397809256664,6890,21.160491699732233,52.25527780003051,"[10.431527196000854, 7.585258717003403, 3.2136131162896646, 12.974473443120624, 16.832716376756178]",2
419,61991,20.982324831060513,52.263595201288645,7323,20.98253890025012,52.263433300206714,"[4.425625556235795, 10.691683296545044, 12.716478336196799, 4.853207164126908, 6.393252710167011]",0
420,62113,21.112898500840505,52.150401443373376,910,21.112038899775428,52.15249719988594,"[13.934312499271273, 11.048106448052595, 15.268810108656048, 12.554794256405103, 15.89743335306532]",1
421,62145,21.05402282436778,52.150174614134684,856,21.0515889000078,52.15026110036956,"[13.022555199484417, 11.742680582585386, 15.963384243188838, 10.580950329699505, 12.719883810683037]",3
422,62234,21.171587642809996,52.252740853680656,6723,21.17191110041699,52.25232779978819,"[11.28997066092927, 8.443702181931817, 3.9009370154228122, 13.832916908049041, 17.691159841684588]",2
423,62261,21.135773958366123,52.24280551953456,5932,21.135575000385984,52.24165280033651,"[7.987187221908988, 5.140918742911536, 0.8633074204398055, 10.530133469028756, 14.388376402664312]",2
424,62264,21.136054089153838,52.24280398065864,5932,21.135575000385984,52.24165280033651,"[7.987187221908988, 5.140918742911536, 0.8633074204398055, 10.530133469028756, 14.388376402664312]",2
425,62803,21.0432152989642,52.248195417611726,6352,21.043388899578076,52.24786939995289,"[1.1344810913861147, 5.863361050347974, 7.264868612073307, 4.760105475604165, 7.954488753922926]",0
426,62840,20.912714485976892,52.24749477008877,6265,20.91173329975203,52.2465777999256,"[9.219493357546716, 15.14609372747945, 17.59422826530203, 7.598329475189939, 5.245625941418142]",4
427,63046,21.093320455379224,52.262227353923954,7274,21.093144399894186,52.262555599661255,"[5.24194944339028, 7.382837774924316, 7.543391967524529, 9.708852663517, 12.202062971734989]",0
428,63594,20.97035396052863,52.22226324953099,4817,20.969363899724215,52.223386100088476,"[5.957762046610583, 9.798404533665252, 12.956765239008325, 2.2506402813757416, 1.7971184349932958]",4
429,63613,20.97332743396901,52.22420262003694,5015,20.972341699809647,52.227172200037046,"[5.4655432045512775, 9.856149487212152, 12.868731106973707, 2.30838523492264, 2.348303780013259]",3
430,63825,20.896017337021256,52.21055008263326,4072,20.896580600114646,52.21103059958256,"[10.713220493090839, 15.65572504358701, 18.716505939969526, 8.207048565535668, 5.250478475015423]",4
431,63944,20.94699213509129,52.19173796916652,2853,20.94610830035782,52.192583300179194,"[10.177066624927773, 12.715617283597924, 15.873977988940995, 5.7355350531331375, 5.373014351266827]",4
432,64052,20.910281230018633,52.19411011122106,3084,20.910875000281067,52.19597499974651,"[11.475263417632014, 14.883919396180488, 18.042280101523556, 7.53822087290198, 5.782337992461953]",4
433,64053,20.867431270329707,52.18304329007178,2439,20.86934746211574,52.18256360432696,"[14.858360316935052, 18.63814662932915, 21.796507334672214, 11.292448106050644, 9.332394182935664]",4
434,64455,20.94682174011753,52.20167759805796,3496,20.947219400155234,52.20110830030785,"[9.128990314631539, 11.782796966000403, 14.941157671343474, 4.802714735535617, 3.5533117228576696]",4
435,64594,21.168541329677556,52.19544398528904,3044,21.168683299594647,52.19522219974476,"[12.953356665335273, 8.352825552207305, 5.295672789245589, 14.471260389298047, 18.21600985387815]",2
436,64700,21.161728968975027,52.17077658145116,1564,21.160488900142695,52.170127799758234,"[13.633070266458203, 8.585585375433638, 8.969770470460116, 14.704020212524382, 18.44876967710448]",1
437,64775,20.952424344402846,52.32668881057035,9193,20.953180600404437,52.32727219995212,"[11.340773609279882, 17.451906538762064, 18.853414100487395, 14.640401296818858, 15.851022803839557]",0
438,65124,20.90373677232079,52.298694300674114,8638,20.902824999574136,52.29876389973424,"[11.970699374219254, 18.2367571145285, 20.26155215418025, 12.303056775051038, 11.67348693841896]",4
439,65766,20.990606815038152,52.1758993992145,1916,20.99229439956696,52.176800000419746,"[10.722134171465981, 10.933112717442063, 15.153816378045516, 6.534517151822788, 7.682514611091044]",3
440,65831,21.038010918534862,52.18877798033175,2584,21.03713329996185,52.18822500028358,"[8.454465530779716, 7.224286735577226, 11.444990396180678, 6.044646561639849, 9.476295740355205]",3
441,65922,21.03100129650497,52.286769521700194,8383,21.03074170036922,52.28834440037383,"[5.669987993489482, 11.474507707047753, 11.704232857683662, 9.634331944725895, 12.127542252943877]",0
442,66009,20.984324078910056,52.27060211839087,7610,20.98392219964984,52.27026669984838,"[4.7540744137179365, 11.020132154027184, 13.044927193678939, 5.810268557052323, 7.350314103092426]",0
443,66093,20.960087362681914,52.24759954141612,6296,20.96118609995858,52.24694439956443,"[5.656038677531433, 11.610357442341934, 14.030773585286742, 4.0625931900524215, 3.5472593461127553]",4
444,66251,20.987076098035423,52.24617328653861,6177,20.986097200125755,52.245202800368986,"[3.5972936469118144, 9.753520556283657, 11.972028554667126, 2.493182935853549, 4.5218523421110435]",3
445,66409,20.942159220723678,52.234144317181965,5322,20.94127219965236,52.23321390040121,"[7.050450613357952, 12.336408267348318, 15.298101389492663, 4.78864401505881, 1.9952935142622181]",4
446,66462,21.05205307515764,52.28993564092079,8491,21.052255599816135,52.29223330002685,"[5.731069522745587, 10.820132135637456, 10.98068632823767, 9.695413473982, 12.188623782199976]",0
447,66504,20.979171716937927,52.16590594277257,1384,20.977927800028,52.16666670040797,"[11.511580912716559, 13.396171283986671, 16.55453198932974, 6.996715730557727, 8.144713189825984]",3
448,66552,20.886096142046984,52.20982586082539,4030,20.888136100101008,52.21003329999684,"[11.54772767895033, 16.187929893294452, 19.346290598637516, 8.842231370015947, 6.0849856608749135]",4
449,66819,21.020050892125038,52.23620309815191,5485,21.02034170010944,52.23595830033537,"[2.6373615558232957, 6.586976605481499, 9.213286901487374, 2.471030338630332, 5.743054538867869]",3
450,66841,21.022200358793302,52.23344059523929,5272,21.022833299717036,52.232183299819496,"[3.2244301687496066, 6.109274505009791, 8.889704104769553, 2.0525918458096366, 5.91083477944519]",3
451,66906,21.0204238932624,52.222177315494626,4698,21.02068059972993,52.22159169989709,"[4.309013539066695, 5.94847519023202, 9.106835895575092, 1.9286910958937953, 5.7922125624258785]",3
452,67100,21.01742888348974,52.279574698058326,8084,21.01410559959379,52.28091109986741,"[4.365893520057239, 10.477026449539421, 11.878534011264751, 8.031351361562319, 10.262400055595934]",0
453,67198,20.89634338330504,52.25920683358251,7135,20.89594999999258,52.26002500005376,"[10.6305605796018, 16.5848793444123, 19.005295487357117, 9.03711509212279, 6.7429957401528515]",4
454,67258,20.916183691550174,52.2437424558044,5923,20.917613900061497,52.24406940008282,"[8.621252348765942, 14.54319593322894, 16.995987256521257, 6.995431680939432, 4.642728147167635]",4
455,67306,20.95881566217398,52.2092387524828,3974,20.95822219979476,52.2098111000023,"[8.490025493439356, 11.182231279210907, 14.340591984553976, 4.192843609208487, 2.740834458948217]",4
456,67496,21.14407588871309,52.22645225002935,4947,21.14362779978319,52.22606110023963,"[8.689116440543858, 5.574889363839337, 1.6251236220647807, 11.180128944553974, 14.924878409134074]",2
457,67538,21.222450276008335,52.160524035287324,1138,21.223227800422706,52.16015559980116,"[18.367027417488725, 13.720057354796722, 10.707064555099505, 19.83849219188746, 23.58324165646757]",2
458,67701,21.0688394123045,52.3105040368747,8754,21.066858300170452,52.30502220001455,"[7.664923740336633, 12.7539863532285, 12.914540545828714, 11.629267691573045, 14.12247799979102]",0
459,67863,20.93281782101507,52.291190480500624,8482,20.932016700010763,52.292047199718525,"[9.275065987250338, 15.541123727559587, 17.56591876721134, 9.607423388082122, 9.707984443551574]",0
460,67867,20.92531192425497,52.29155468075292,8466,20.924758299655878,52.29123610026585,"[9.57369096944723, 15.839748709756478, 17.864543749408227, 9.906048370279013, 9.888059762045328]",0
461,67911,20.95517250590115,52.28320237012603,8177,20.955286100373257,52.282911100367016,"[7.289608649003096, 13.555666389312343, 15.580461428964098, 7.62196604983488, 8.057188813823625]",0
462,67955,20.94011754059473,52.292579292789725,8547,20.938586100068505,52.295061100389546,"[9.25393726327574, 15.519995003584988, 17.54479004323674, 9.586294664107523, 10.084558782336593]",0
463,68058,21.114966826418744,52.252876233352275,6834,21.112480599999742,52.25402500035352,"[6.4949731325021585, 4.767689573600613, 3.9519864063249237, 9.667974164481718, 13.314980795038972]",2
464,68102,21.09097803054183,52.23865023596952,5607,21.090797199930876,52.23768889992283,"[5.009015174352986, 2.67911163344619, 3.952586902518587, 7.297641416585086, 11.042390881165186]",1
465,68374,21.076485914292366,52.16269608261539,1409,21.079538900200134,52.16666670040797,"[11.514981374075422, 9.580808783424043, 13.801512444027495, 9.513798714920847, 12.52747262729093]",3
466,68579,21.013476363772757,52.199239893660014,3259,21.012113899836663,52.19911940014026,"[7.320680410734404, 8.482432860759552, 11.641219915404418, 3.4258738439704985, 5.992630131947176]",3
467,68586,21.02257473707956,52.20836122614671,3872,21.021772200426767,52.20824440005907,"[5.813824556213793, 6.865554241336068, 10.02391494667914, 2.8840983862516447, 6.119980120146286]",3
468,68656,21.01971272632658,52.19814742139077,3171,21.01884170018434,52.19755559961129,"[7.293337106895821, 8.303157802568562, 11.503427497361171, 4.029637134842356, 6.616037919106367]",3
469,68667,21.01932335684986,52.20165318371602,3450,21.020255599916027,52.20229439996666,"[6.64580629900834, 7.697535984130616, 10.85589668947369, 3.716080129046192, 6.378817334877659]",3
470,68832,21.02854381779927,52.15942799453765,1153,21.02832780038773,52.1604500000675,"[11.524101024101721, 10.244226407202692, 14.464930067806144, 8.399171549706365, 10.538105030689898]",3
471,68888,21.23081227565771,52.259040232994145,7041,21.230055599985974,52.25825279962703,"[15.477734135818007, 12.901965721659439, 8.013411992362673, 18.291180447776664, 22.149423381412216]",2
472,68962,21.042965834983637,52.20928274137589,3964,21.042172199587412,52.209638899615584,"[5.585530264536154, 5.712993287971092, 9.190769677167836, 4.386794979144997, 7.852054762599213]",3
473,69057,21.01188856710769,52.225881054538,4935,21.011619400415043,52.225672200112,"[4.213927131208379, 6.781120739666924, 9.939481445009994, 1.2802745006068785, 5.2226731892156915]",3
474,69086,20.902162666801196,52.26259467518705,7307,20.901813899891636,52.26318059970498,"[10.983297992399189, 16.937616757209693, 19.35803290015451, 9.389852504920178, 7.095733152950243]",4
475,69100,20.980029011199093,52.20981615104112,4032,20.980355599931045,52.21059999969026,"[6.786842907705087, 8.94582536645536, 12.104186071798432, 2.3453113359104525, 2.83227825416213]",3
476,69193,21.080427754577578,52.25335757986485,6740,21.079902800074194,52.25266110022966,"[3.821489684343962, 5.028679402133207, 5.266441456620151, 7.24391907625552, 10.641497346880774]",0
477,69335,21.02814075694485,52.25038434230973,6511,21.028313899566854,52.24984440019898,"[0.08265925348415769, 6.743710809544444, 8.482008956943579, 4.653693523475368, 7.146903831693352]",0
478,69602,21.01164245898637,52.30319133394674,8723,21.009450000017523,52.30341390013143,"[7.143526534167815, 12.956682788116714, 14.358190349842046, 10.79709820856946, 12.00771971559016]",0
479,69823,20.951905935084774,52.35882167724426,9200,20.953730599687503,52.35868059972995,"[14.54611572803804, 20.657248657520235, 22.058756219245563, 17.84574341557702, 19.05636492259772]",0
480,69850,21.05514469664283,52.34825909396496,9309,21.05531940027015,52.34638610023836,"[13.02300879077961, 18.11207140367148, 18.27262559627169, 16.98735274201602, 19.238111211876355]",0
481,69969,21.0456666707032,52.3145640364884,8946,21.047219399955395,52.31488059975993,"[10.210031917711612, 15.67388077329854, 15.834434965898755, 13.945391812205612, 15.156013319226311]",0
482,70478,21.198413599774117,52.18774329021913,2429,21.198227799573317,52.185527800367765,"[14.887738486221153, 10.881286955992618, 7.227775623831938, 16.99972179308336, 20.744471257663456]",2
483,70504,20.866135226221132,52.20597405311887,3698,20.86608060013964,52.20566940002283,"[14.104700430932382, 18.216659817217398, 21.37502052256046, 10.870961293938892, 8.578734296932994]",4
484,70736,20.882843025558696,52.19659152363232,3113,20.882813899641803,52.19641669997077,"[12.785929276874814, 16.897888663159826, 20.056249368502893, 9.552190139881324, 7.259963142875427]",4
485,70840,21.004802111095668,52.15549102505233,300,21.005624999893882,52.15506940033259,"[12.501088844826137, 12.118172761567793, 16.338876422171246, 8.97201631597201, 10.786581286560672]",3
486,71009,21.015383483243912,52.22886968814986,5136,21.016891700191877,52.229766700073185,"[3.452428006337343, 6.381893736604661, 9.48277698812966, 1.4730344653576535, 5.504188087780101]",3
487,71235,21.026725437437577,52.25088603961742,6637,21.02695560042065,52.251080600189596,"[0.2485700629345921, 6.909621618994878, 8.647919766394013, 4.819604332925802, 7.312814641143786]",0
488,71239,21.029777639713824,52.24887235075901,6449,21.028988900117724,52.24922779982313,"[0, 6.661051556060286, 8.399349703459421, 4.57103426999121, 7.064244578209195]",0
489,71560,20.98646547944115,52.21591077226651,4399,20.9858638997992,52.21619169998701,"[6.0142314131162395, 8.272240719162262, 11.430601424505335, 1.4993662309574094, 3.204510247544303]",3
490,71953,21.156777879243787,52.26103847887533,7250,21.155513900046515,52.261041699814655,"[10.342177388446942, 8.5958434536375, 4.22419785292376, 13.515178420426503, 17.16218505098375]",2
491,71957,21.165956004832335,52.260885097649954,7194,21.16593329958215,52.26100000004999,"[10.692182393042973, 8.306203801193158, 3.9345582004794193, 13.69541852731038, 17.512190055579776]",2
492,72135,21.161793218783817,52.25755845320018,6986,21.16086669993831,52.25731390021639,"[10.345385152351934, 7.769616738193369, 3.397971137479629, 13.15883146431059, 17.017074397946146]",2
493,72413,21.173388221851052,52.24922164088462,6563,21.172597200400503,52.249147199883396,"[11.630375051041673, 8.784106572044221, 3.960489931879431, 14.173321298161444, 18.031564231796995]",2
494,72427,21.171552552232576,52.24876991855674,6465,21.170997200360546,52.249352800191616,"[11.397728571107455, 8.541411906416817, 3.564013913172514, 13.940674818227226, 17.798917751862778]",2
495,72450,21.173405605870226,52.2482378987516,6398,21.172255600115875,52.24804439992914,"[11.531046190233116, 8.565368213922639, 3.587970220678337, 14.073992437352885, 17.915357259217373]",2
496,72533,21.131051955574762,52.24579411722102,6189,21.13165279973697,52.24542219987467,"[8.605126226853995, 5.758857747856544, 1.4812464253848123, 11.14807247397376, 15.006315407609316]",2
497,72922,21.01402044648843,52.2722632084797,7751,21.014433299956863,52.2732999997952,"[0, 0, 0, 0, 0]",0
498,73004,21.052274651549062,52.25485130345742,6804,21.05256390000403,52.25355279962207,"[2.037509270678194, 7.672187831503079, 9.07369539322841, 6.504412490804917, 8.997622799022901]",0
499,73165,20.942165286675472,52.25414893671407,6869,20.943425000363504,52.25396390041374,"[8.552187315850151, 14.556714871669486, 16.926922223605466, 7.0089506193799735, 4.760932599644758]",4
