,db_index_budynki,coordsY_budynki,coordsX_budynki,db_index,coordsY,coordsX,distances,klasyfikacja
0,186,21.02499107309441,52.268094730514086,7472,21.026363899574335,52.266966699653494,"[4.754681888434274, 12.789357217858143, 12.6662316724638, 11.343697442255541, 10.934713247555967]",0
1,250,21.006458460820355,52.31614598957712,8992,21.005688900322525,52.31538060033449,"[2.220147571363359, 19.216000864051814, 18.867071843506437, 17.77034108844921, 16.290378700769537]",0
2,316,20.959221375156886,52.25656975267638,7152,20.9577889001377,52.258155600000975,"[7.387361885362894, 14.613790985216566, 16.77128094171204, 11.017855793293933, 8.04681806023302]",0
3,565,20.976362738066562,52.21929092061788,4514,20.977761099894906,52.218905600313235,"[12.033388852213257, 10.512357950993225, 14.508256020543293, 6.4629890436476085, 6.116111367749959]",4
4,572,20.99702420603972,52.22563153533965,4925,20.99658329967957,52.225327800237835,"[10.79709820856946, 9.40942601953352, 13.179096129770556, 5.813490827610887, 6.731422103716035]",3
5,628,21.020133407855326,52.14212696062877,703,21.02142779965328,52.14129719960613,"[19.97016973698382, 10.220040975030193, 18.538576620893025, 4.653088756799058, 14.283438318143162]",3
6,693,21.15516174537044,52.25925587128547,7101,21.155261099720008,52.25944440043878,"[14.1158843690536, 13.04560152735029, 5.975659129144474, 15.771502062961604, 18.951706492333255]",2
7,715,21.140912539127395,52.24409015955781,6212,21.140855600005978,52.24583060000225,"[14.350127145906816, 10.742920936279777, 3.8424376614694102, 13.468821471891092, 17.417498705793793]",2
8,1642,21.077051542778353,52.17533270023355,1864,21.076791699777175,52.17591669979589,"[16.530414630916695, 3.4871171278478124, 13.108337792392062, 4.8200380912234815, 15.065201480112444]",1
9,1706,21.060285601409166,52.14000019826796,728,21.060958299685808,52.14080280000928,"[20.998482069826167, 7.684926819608296, 18.261255393083122, 6.174875117049398, 15.805224678393502]",3
10,1732,21.02376676655964,52.13857400202236,670,21.024483300264137,52.13793889996032,"[20.508314726974227, 10.7581859650206, 19.07672161088343, 5.191233746789463, 14.821583308133567]",3
11,1778,21.01680921902794,52.12200223338294,478,21.018261099670042,52.12167499980143,"[21.949931019131114, 12.01371301075887, 20.518337903040315, 6.632850038946356, 16.263199600290463]",3
12,1781,21.010076689702654,52.11028150268215,395,21.009447200427985,52.11048609985369,"[23.73123944437277, 13.79502143600052, 22.299646328281966, 8.414158464188006, 18.044508025532117]",3
13,2011,21.132917506124684,52.15306307866179,704,21.131736100340788,52.152702800194106,"[22.44714987379774, 5.747701429668214, 16.843996446493023, 9.528001878850985, 20.15456469486915]",1
14,2097,21.027086373696033,52.11474307542656,423,21.03160829968334,52.11325559986608,"[23.659770513336994, 13.72355250496475, 22.228177397246196, 8.342689533152235, 17.973039094496347]",3
15,2127,21.101943849279763,52.11470835341387,474,21.098847199738543,52.11694440036382,"[23.703503617489332, 9.454165033021207, 20.279888009934663, 10.055697030560113, 20.032683508312076]",1
16,2231,21.159555478882588,52.2586034144708,7060,21.16091110036706,52.25867220026191,"[14.524901842375568, 12.84485046432202, 5.774908066116206, 15.570750999933335, 19.36072396565522]",2
17,2283,21.17131814018653,52.28411346842821,8258,21.172188900097694,52.28574170031925,"[0, 0, 0, 0, 0]",0
18,2305,21.170649531073867,52.28183839125797,8080,21.170244400358854,52.280849999927625,"[0, 0, 0, 0, 0]",0
19,2445,21.171243695420582,52.26929412420893,7564,21.170319400220194,52.26916670038298,"[15.758980900410052, 14.253676960633388, 7.183734562427575, 16.979577496244705, 20.594803023689707]",2
20,2453,21.150119423997666,52.26411536865022,7400,21.14943609999608,52.26547499957161,"[14.382663390909691, 13.32223581721147, 6.6213387261773935, 16.048136352822787, 19.21848551418935]",2
21,2636,21.168425276531586,52.2695074764593,7532,21.16902780019285,52.26853610026086,"[15.50012409463714, 14.215004154540484, 7.145061756334671, 16.9409046901518, 20.33594621791679]",2
22,2738,21.16538906350285,52.26776063960643,7401,21.165541699689754,52.2673027996845,"[15.13919609011203, 14.078768516413806, 7.090966566888094, 16.804669052025123, 19.97501821339168]",2
23,3116,21.06533531975962,52.28361661871157,8195,21.066449999867643,52.28339169986708,"[5.540925041512802, 14.199257067609267, 12.021261557674439, 13.871845726019481, 13.922983688095673]",0
24,3137,21.066805204886773,52.283075846019145,8195,21.066449999867643,52.28339169986708,"[5.540925041512802, 14.199257067609267, 12.021261557674439, 13.871845726019481, 13.922983688095673]",0
25,3208,21.067809973523698,52.28097880377158,8101,21.068144399944174,52.28131110032706,"[5.794397328575161, 13.915400684628068, 11.73740517469324, 13.587989343038283, 13.639127305114474]",0
26,3282,21.071392635488372,52.26413503971668,7424,21.07068059963001,52.26406939968308,"[7.689289778769906, 12.707623076317917, 10.52962756638309, 12.840254406733004, 12.891392368809194]",0
27,3356,21.074301284296084,52.27763508626116,7982,21.074458299910646,52.278549999982545,"[6.376587117085614, 13.669009468391737, 11.491013958456909, 13.762745266767803, 13.813883228843995]",0
28,3377,21.069559698062662,52.27697076847991,7921,21.06794439971435,52.27716109960511,"[0, 0, 0, 0, 0]",0
29,3443,21.03839847904239,52.273712771327205,7817,21.03911390028634,52.27494719985344,"[5.312559751178622, 13.794566055288872, 13.143995205701126, 12.388495297106404, 12.439633259182596]",0
30,3504,21.075380756115226,52.26827056006803,7130,21.07555830027536,52.268808299863224,"[7.265121453615103, 12.340083695232488, 10.16208818529766, 13.138478321299965, 13.189616283376155]",0
31,3639,21.0602660575779,52.27935748748194,7998,21.060350000052495,52.27898059987484,"[5.491285666647888, 13.738577405968197, 11.56058189603337, 13.35570983664697, 13.406847798723161]",0
32,3757,20.992728303573408,52.267998997202646,7503,20.99340000001007,52.26816389964432,"[5.4870597879611225, 13.140063325292337, 14.79744471713413, 10.675059587256667, 9.668594958128828]",0
33,3758,20.9861685628434,52.2679582590816,7513,20.986852799716985,52.26836110028461,"[5.545076213120723, 13.258483789378728, 14.973556087968717, 10.69180087671457, 9.477801936082042]",0
34,4388,21.047137469133503,52.28883862325214,8442,21.04765559992603,52.29021939960569,"[3.9482828060498942, 15.817249445319415, 13.746164607264244, 14.411178687136948, 14.46231664921314]",0
35,4429,20.93363855057466,52.22491302702029,4871,20.933747199773507,52.22443890043496,"[12.307017031290014, 14.082558736050443, 17.65556126308876, 9.92561373572564, 1.8740521373621564]",4
36,4514,21.160693856891275,52.261745930174705,7253,21.160933300131774,52.26211939969062,"[14.545020716297858, 13.345988896612843, 6.276046498407028, 16.071889432224157, 19.38084283957751]",2
37,4546,21.159162584311357,52.25306449184639,6778,21.15842219962485,52.2532333001767,"[14.98859367244141, 12.465213942127175, 5.395271543921359, 15.19111447773849, 19.13979171164119]",2
38,4857,20.960001503380226,52.18590361709773,2433,20.959508299568427,52.18558890030755,"[15.988223391810019, 11.354347060481183, 17.822925214692603, 4.565529401957651, 6.854116035643451]",3
39,4991,20.938860207475177,52.18074429804207,2121,20.939272200052017,52.18040000005999,"[17.305017045685467, 13.102468192550996, 19.351173094351324, 6.3136505340274605, 6.6743753859441375]",3
40,5134,20.93722574608664,52.19687478129607,3101,20.93776669987335,52.196249999837676,"[15.29589099388143, 13.133603504655817, 18.623844194429427, 6.3447858461322895, 4.3984592027123774]",4
41,5388,20.897958211722987,52.20657556838438,3765,20.89758060036445,52.20674170036921,"[15.956501988685524, 16.64609187274902, 20.959985711797763, 9.857274214225491, 2.9712349396436455]",4
42,5820,20.875686314522873,52.190204300842346,2675,20.875300000094967,52.18949439964689,"[18.92661079860909, 17.914804450260934, 23.28208316899307, 11.125986791737404, 5.941343749567206]",4
43,5821,20.876225110373856,52.189856304905376,2745,20.876619399965364,52.190622199854715,"[18.77204043914157, 17.929946711201993, 23.297225429934127, 11.141129052678462, 5.786773390099686]",4
44,5876,20.880573520504367,52.19032291904405,2758,20.880205600408203,52.19075280030154,"[18.620054864874056, 17.690109871284186, 23.057388590016313, 10.90129221276065, 5.634787815832172]",4
45,6114,20.870813144910084,52.18692762781702,2491,20.869805600148368,52.186474999621566,"[19.487068386253227, 18.40319547017832, 23.77047418891046, 11.614377811654789, 6.5018013372113455]",4
46,6303,20.886249066383215,52.18603832994238,2444,20.88693060026702,52.18604169996456,"[19.064470543296864, 17.37556611148111, 22.74284483021324, 10.586748452957577, 6.082735596796365]",4
47,6316,20.885711300130286,52.18566891913199,2370,20.885225000033756,52.18478060044441,"[19.06487306691416, 17.639135408363057, 23.00641412709519, 10.850317749839526, 6.079606017872276]",4
48,6443,20.887064501049984,52.1960376042996,3032,20.887183299869434,52.195061099690065,"[18.14093692051017, 16.96904037201065, 22.33631909074278, 10.180222713487113, 5.155669871468287]",4
49,6483,20.987360960911296,52.25391555907035,6822,20.985700000154907,52.253897200395556,"[7.64484182674401, 12.42459389558583, 14.401134654247715, 8.956807130416902, 7.563080009034663]",4
50,6538,21.015940835390385,52.24517943910496,6171,21.01796670030302,52.245172200037075,"[7.740366990700959, 9.71458619953837, 11.967925172484213, 7.89362823485962, 8.370969071076855]",0
51,6554,21.021375628867418,52.245307908431705,6113,21.02140829965333,52.24421109996234,"[7.872530405217876, 9.400293453496866, 11.755824667607664, 7.791422111650436, 8.626973593791188]",3
52,6603,21.01448202628286,52.223639863051204,4885,21.01478889998782,52.22469169986209,"[10.633976633668501, 8.160233030909417, 11.887725166535688, 5.358353974466774, 8.049444505601373]",3
53,6929,21.023309498766793,52.25613935115732,6921,21.0239528000817,52.2558417001344,"[6.48055882049548, 10.974338018295994, 11.425582129527626, 9.528678242693392, 9.579816204769584]",0
54,6992,21.0213424945785,52.27740893379768,7938,21.023500000424747,52.27722500003375,"[3.3159518576467737, 14.374627525667888, 13.883552214629832, 12.96855676748542, 13.019694729561612]",0
55,6993,21.020587117019108,52.27852758066425,7938,21.023500000424747,52.27722500003375,"[3.3159518576467737, 14.374627525667888, 13.883552214629832, 12.96855676748542, 13.019694729561612]",0
56,7211,21.186097215658044,52.205488948283865,3636,21.186641699654785,52.20488060015964,"[18.99936382828593, 13.817312621908824, 3.4549675924059895, 16.543213157520146, 21.882052956593775]",2
57,7431,21.167953794079338,52.18957785981529,2670,21.168361100384516,52.189147200183186,"[19.715266694418645, 12.411757182763596, 6.815663941616458, 15.13765771837491, 21.84893344864397]",2
58,7637,21.144035501939452,52.1866000341932,2413,21.144319400020322,52.1852611001197,"[18.243279314291243, 9.942068499729814, 7.420081636000106, 12.66796903534113, 19.37924476561019]",2
59,7752,21.14430940664379,52.188583108471725,2646,21.14121110021216,52.18904720006827,"[17.958266075194146, 9.657055260632719, 6.944995016675806, 12.382955796244037, 19.094231526513095]",2
60,7787,21.173325834478177,52.18554098546352,2402,21.172122200079514,52.18515830041531,"[20.165024881590554, 12.545997360797244, 6.449910949147747, 15.271897896408557, 21.98317362667762]",2
61,8456,21.23574466541492,52.25302463702958,6830,21.233980600224584,52.25403609978622,"[19.69846337162845, 17.789550942673195, 8.630452540673994, 20.515451478284508, 24.464128712187208]",2
62,8457,21.23745336347158,52.25069400458701,6577,21.239172200236908,52.250263899759204,"[20.557911860568012, 17.864098423374077, 8.61615575742734, 20.58999895898539, 24.806634790595155]",2
63,8569,21.253444336409327,52.25081976615853,6649,21.25431109977751,52.25128060041942,"[21.267998903217098, 19.063073712757536, 9.815131046810798, 21.78897424836885, 26.005610079978613]",2
64,8652,21.23215509157578,52.25076805800366,6576,21.232777800155418,52.250263899759204,"[20.11226821478101, 17.402610157019836, 8.154667491073095, 20.12851069263115, 24.345146524240914]",2
65,8815,20.941771396464517,52.350520125234034,9340,20.941083299754553,52.350736100290874,"[8.041687811605046, 23.55057676076785, 23.42745121537351, 22.104916985165254, 20.294432322165154]",0
66,8971,21.03241670382995,52.35583183782142,174,21.03190000018492,52.35696109957513,"[7.255404914213934, 24.25125820690239, 22.38812075994248, 22.80559843129978, 21.32563604362011]",0
67,8991,21.04040717006931,52.35894511818417,272,21.039786100348294,52.359141700129385,"[7.824560120133324, 24.481764844994256, 22.33151257270256, 23.07569408681179, 21.649171633984007]",0
68,8999,21.04721396176055,52.360481612340855,9209,21.047436099696313,52.361738899930344,"[8.422562815122456, 25.07976753998339, 22.929515267691695, 23.673696781800924, 22.24717432897314]",0
69,9126,20.96956654773265,52.35275308514335,9370,20.97042220032432,52.35290280002425,"[6.780256444936432, 23.57026751246362, 23.427180717079516, 22.124607736861023, 20.314123073860923]",0
70,9211,21.02312380770815,52.33696841558672,235,21.021749999762733,52.339083300354105,"[5.233036480879523, 22.22888977356797, 20.465280681712287, 20.783229997965368, 19.303267610285697]",0
71,9252,20.969415904084588,52.28422334802002,8202,20.96912219972978,52.283533299921885,"[5.128718759729301, 15.545178678257415, 17.26025097684741, 12.602090702320584, 9.940829475923337]",0
72,9265,20.98042464479987,52.28224318972594,8228,20.981905600363234,52.28416109955515,"[0, 0, 0, 0, 0]",0
73,9622,20.883733820032894,52.301890462011514,8709,20.88268890017264,52.302469399743075,"[11.798607738672768, 21.91466243982993, 23.629734738419916, 18.569536470353867, 12.341090994517959]",0
74,9755,20.88377138722985,52.28589716724961,8252,20.88091940041005,52.28480280000929,"[11.531710385427898, 21.076950855557538, 22.792023154147525, 17.731824886081476, 11.503379410245566]",4
75,10088,20.955442447428773,52.221463186253025,4661,20.955072200221935,52.22087780007047,"[12.00771971559016, 12.927947524800588, 16.92384559435066, 8.309366285340621, 3.9380716029194414]",4
76,10156,20.94509067387736,52.23425972874259,5341,20.944186100208412,52.23357220019693,"[11.174144649686879, 13.810272250192378, 17.383274777230696, 9.653327249867576, 3.503397842145068]",4
77,10316,20.948434507488468,52.18642480018147,2498,20.948802799609552,52.18662500024362,"[16.301134885793857, 12.098586032659378, 18.347290934459703, 5.309768374135846, 6.094417633590134]",3
78,10492,20.95016749895323,52.19309192896777,2845,20.9484222002244,52.192136099701315,"[15.950682705285226, 11.973757889344606, 17.996838753951078, 5.184940230821074, 5.441622585197089]",3
79,10609,20.877392454870588,52.19050711228389,2745,20.876619399965364,52.190622199854715,"[18.77204043914157, 17.929946711201993, 23.297225429934127, 11.141129052678462, 5.786773390099686]",4
80,10770,21.0113497096619,52.23236119513228,5295,21.010061100139694,52.232652799886864,"[9.649198428101265, 9.145011236476648, 12.233944057131756, 6.343132180034008, 7.45564710144953]",3
81,10887,21.02824723092492,52.25796638756132,7014,21.02749999962532,52.25783060030204,"[5.816149123695281, 11.313213919095219, 11.128751823981073, 9.907143160912751, 9.958281122988943]",0
82,11280,20.949984696748643,52.19867411193842,3294,20.951083299554682,52.19973329985197,"[15.36816068474353, 11.892946940210631, 17.41431673340938, 6.203299303684489, 7.914877141250799]",3
83,11419,21.018871308734152,52.125739669327025,449,21.018141700279273,52.12593329958219,"[21.476033600404932, 11.539815592032683, 20.04444048431413, 6.158952620220172, 15.789302181564278]",3
84,11604,21.063030469469357,52.21142971026217,4160,21.063699999855146,52.2122417003942,"[13.078774258523389, 3.9892522345473096, 9.484948356959134, 5.895484641247184, 11.967358638865285]",1
85,11622,21.026550866835812,52.281343330648035,8089,21.025647200158232,52.280924999788965,"[2.736422213660589, 14.40157736952054, 13.910502058482484, 12.995506611338072, 13.046644573414264]",0
86,11748,20.915621814963444,52.219306904798195,4540,20.91594440041382,52.2188360998062,"[13.730176643272673, 15.5057183480331, 19.07872087507142, 9.881653221787365, 0.7449095942307931]",4
87,11886,21.06307805775279,52.14600550377637,788,21.063380600234552,52.145238900255094,"[20.39218783736125, 7.078632587143374, 17.6549611606182, 5.676533414241423, 15.653519891993383]",3
88,12037,21.16402560301245,52.25397638300246,6862,21.16403890017517,52.25446669967852,"[15.12196999597044, 12.861580820183256, 5.639517537472785, 15.587481355794571, 19.53615858969727]",2
89,12128,21.16726821347005,52.253240028766086,6755,21.16783890004524,52.25286940030264,"[15.427848239053779, 13.167459063266595, 5.246384814227099, 15.89335959887791, 19.84203683278061]",2
90,12364,21.162775946600657,52.251414071709874,6622,21.162808300262896,52.250772200176925,"[15.394608031938887, 12.871228301624653, 5.131754603672341, 15.597128837235967, 19.545806071138674]",2
91,12517,21.12431524650693,52.250682520626306,6620,21.12288890010268,52.250763900333766,"[12.389246896887325, 11.328819323189096, 5.37786765685754, 14.054719858800413, 17.22506902016698]",2
92,12587,21.131556519259437,52.25018184038412,6587,21.13095560032076,52.25034720036308,"[12.974825750430465, 11.172439848858327, 4.868096271241422, 13.898340384469641, 17.810647873710124]",2
93,12591,21.170246803643188,52.24944201833956,6465,21.170997200360546,52.249352800191616,"[15.96698046398086, 13.55463239059073, 4.707252589300017, 16.280532926202042, 20.239258345797932]",2
94,12655,21.168755737814323,52.249041591481436,6475,21.16787220014197,52.24946939999285,"[15.882594236540282, 13.35921450622605, 4.83558731898955, 16.085115041837362, 20.033792275740073]",2
95,12680,21.12805868459632,52.24953542616046,6477,21.12837219971732,52.249472199582385,"[12.862090708843263, 11.310706237774212, 5.006362660157308, 14.036606773385527, 17.697912832122924]",2
96,13292,20.858299126672037,52.198166196931396,3263,20.858561099615088,52.19918059990482,"[19.323988800784925, 19.152186007537473, 23.93956767733308, 12.363368349013939, 6.338721751743048]",4
97,13895,20.882258838967555,52.19181384006443,2815,20.88163059957259,52.1917721998272,"[18.363090435296037, 17.520996707356463, 22.888275426088597, 10.732179048832933, 5.377823386254157]",4
98,14053,20.916308287341636,52.22684094846485,4984,20.916002799689522,52.22675280030154,"[13.026052838133655, 15.888563582506102, 19.461566109544417, 10.778203260138929, 1.149093151663307]",4
99,14118,20.916354221581663,52.23254219310111,5254,20.91662500014371,52.23198610007853,"[12.495471279588536, 16.001141375479417, 19.26482801759407, 11.448424882974868, 1.819314774499246]",4
100,14126,20.916891454133914,52.23112939181761,5254,20.91662500014371,52.23198610007853,"[12.495471279588536, 16.001141375479417, 19.26482801759407, 11.448424882974868, 1.819314774499246]",4
101,15476,21.111117780215938,52.20901796521766,3897,21.11086390044869,52.20876939998789,"[14.514973752892992, 6.213762938331565, 6.1282499484259, 8.939663473942884, 15.65093920421194]",2
102,15651,21.11323332282009,52.20950162852609,3918,21.112766700422924,52.20918059970495,"[14.652857944583346, 6.35164713002192, 6.266134140116254, 9.077547665633238, 15.788823395902297]",2
103,15660,21.114000119662247,52.211471446377416,4256,21.114552799871888,52.213747199673605,"[14.502218352293285, 6.20100753773186, 5.26386552803411, 8.926908073343178, 15.638183803612236]",2
104,15713,21.112943215549297,52.21367797588714,4264,21.114494399696866,52.21388609996359,"[14.518182092184013, 6.216971277622587, 5.247901788143382, 8.942871813233905, 15.654147543502964]",2
105,15716,21.112262722018855,52.214355051236645,4347,21.11365000014746,52.21534719971356,"[14.413154714020067, 6.111943899458641, 5.4204322301804275, 8.83784443506996, 15.549120165339017]",2
106,15797,21.111264061891234,52.21549010249155,4439,21.11032780018786,52.216263900258866,"[14.653230305330112, 6.352019490768686, 5.770769761473527, 9.077920026380003, 15.789195756649063]",2
107,15890,21.114416343083324,52.215182543932386,4347,21.11365000014746,52.21534719971356,"[14.413154714020067, 6.111943899458641, 5.4204322301804275, 8.83784443506996, 15.549120165339017]",2
108,15971,21.116188202161506,52.21877467583988,4383,21.116163900243862,52.2159305998174,"[14.596827742980565, 6.295616928419139, 5.604105259140924, 9.021517464030456, 15.732793194299514]",2
109,16084,21.13969661700489,52.21883154551529,4579,21.13901940022521,52.21970279984441,"[15.683209981847286, 8.939104507479557, 3.357837536198167, 11.665005043090877, 18.376280773359934]",2
110,16104,21.142720329756038,52.21836502898978,4498,21.14298329973957,52.21783609955639,"[15.618027182183642, 8.460967725218744, 3.2926547365345233, 11.186868260830064, 17.89814399109912]",2
111,16298,21.14698790979013,52.21927567719034,4556,21.147466699828385,52.21911939974058,"[15.576996069445048, 8.904672174643208, 3.041846095292203, 11.630572710254532, 18.341848440523584]",2
112,16307,21.147732063889595,52.21967480239567,4592,21.147483300414024,52.21985560005595,"[15.495070085802665, 8.98659815828559, 2.9599201116498204, 11.712498693896913, 18.37775921411051]",2
113,16457,21.159871245465087,52.22029491746816,4569,21.159755600140898,52.219416700320494,"[16.166424925880005, 10.984373719502903, 0.8558716957066766, 13.71027425511422, 19.04911405418785]",2
114,16529,21.15464546068979,52.214223401424476,4275,21.155466700028228,52.213991700156896,"[16.623336733708598, 9.09545948510907, 3.730450991874984, 11.82136002072039, 18.532635750989446]",2
115,16915,21.157475043664448,52.21079812824366,3967,21.15747779996053,52.209655600026,"[17.050784193507667, 9.522906944908135, 4.289963686164362, 12.248807480519456, 18.960083210788515]",2
116,17281,21.18383214867465,52.18315315374071,2275,21.18472220016946,52.183291699952065,"[20.65703078317855, 13.248293136564339, 5.593485422590068, 15.974193672175648, 22.68546940244471]",2
117,17484,21.18139334959191,52.188191095223864,2580,21.181072200022072,52.188172200186955,"[20.19833528816705, 13.011269102815906, 6.067357021259904, 15.73716963842722, 22.44844536869627]",2
118,17636,21.171414911720696,52.18721645591271,2596,21.17249439979679,52.18853329957216,"[19.584133703271746, 12.280624191616697, 6.6269393164588015, 15.006524727228012, 21.71780045749707]",2
119,17699,21.173527223352796,52.18543289386183,2402,21.172122200079514,52.18515830041531,"[20.165024881590554, 12.545997360797244, 6.449910949147747, 15.271897896408557, 21.98317362667762]",2
120,17781,21.175743684817444,52.191921819621484,2834,21.176763899734226,52.192102799604584,"[19.391713051012147, 12.262671827663887, 6.492110298209964, 14.988572363275201, 21.699848093544254]",2
121,17840,21.180884995683055,52.18198993768067,2151,21.179908300127977,52.180883300224195,"[20.576028063952933, 12.69578865913197, 6.186848294178291, 15.42168919474328, 22.132964925012345]",2
122,17940,21.18346384720633,52.19075772213113,2782,21.18241669997076,52.19103059998224,"[19.44732306460709, 14.22706637648892, 4.263092930170375, 16.952966912100237, 22.330012192914936]",2
123,18131,21.19091361473289,52.1930451574165,2914,21.19114440009406,52.19317219963733,"[19.883907261508902, 14.701856055131797, 4.633946190879191, 17.427756590743122, 22.76659638981674]",2
124,18157,21.192540147012608,52.19220347298353,2823,21.19089719984595,52.19189720019568,"[19.94880336543958, 14.59992520358879, 4.764573231002861, 17.325825739200106, 22.83149249374742]",2
125,18269,21.203336762278493,52.188812580401226,1887,21.20300559992853,52.188544399904174,"[20.791133608719463, 14.699868615220574, 5.246737372839527, 17.425769150831886, 23.673822737027308]",2
126,18530,21.19497903369314,52.182321667005986,2221,21.194011099732506,52.182183299919416,"[20.78464915640474, 13.699395355565796, 5.60041902196803, 16.425295891177115, 23.13657162144616]",2
127,18686,21.19437120212173,52.184458147391105,2298,21.195383299699586,52.18341940008531,"[20.784981439050853, 13.699727638211906, 5.600751304614137, 16.42562817382322, 23.13690390409227]",2
128,18968,21.204836439981367,52.175434182811536,1861,21.204505599853576,52.17577499991637,"[21.897716148520416, 14.812462347681475, 6.713486014083705, 17.538362883292784, 24.249638613561835]",2
129,19067,21.24440538557366,52.212496365344265,4196,21.24371940003033,52.21286110035953,"[22.43399149613731, 17.251940289760217, 6.882095423613939, 19.97784082537154, 25.31668062444516]",2
130,19262,21.24758906249019,52.216681098744395,4096,21.2466999997053,52.21689720014575,"[22.34817320719383, 17.16612200081673, 6.796277134670455, 19.892022536428055, 25.230862335501676]",2
131,19384,21.239863244356542,52.2271347368688,5039,21.238416699571076,52.22776669957358,"[21.500896429005095, 16.318845222627996, 5.949000356481723, 19.044745758239326, 24.383585557312944]",2
132,19487,21.251373815686815,52.21843743988038,4522,21.249999999900126,52.218430599992246,"[23.5760238802998, 18.39397267392271, 8.024127807776432, 21.119873209534028, 26.458713008607653]",2
133,19547,21.22006524369473,52.23716189555616,5508,21.221902799574593,52.23635000005254,"[20.272051642225037, 16.300473461164227, 5.930628595017957, 19.026373996775558, 23.72139836798824]",2
134,19780,21.221054359106606,52.250460457009794,6608,21.221536100110995,52.250261100169666,"[19.809058432077613, 17.096026438243268, 7.848083772296526, 19.82192697385458, 24.038562805464345]",2
135,19860,21.22229259045429,52.25286013107631,6746,21.222419399835474,52.25273059983738,"[19.332963209447293, 17.097460373123234, 7.849517707176494, 19.823360908734546, 24.03999674034431]",2
136,19872,21.223583338700912,52.25220463386996,6743,21.22391939976052,52.252666700308055,"[19.23028078872288, 17.00030441789512, 7.752361751948378, 19.726204953506432, 23.942840785116196]",2
137,20008,21.04266139239604,52.32890020365235,22,21.042411099992307,52.33091109976749,"[5.017058215943065, 21.723418511161228, 19.94795248156458, 20.298210405931172, 18.841669729793747]",0
138,20141,21.05750889925077,52.32890328640813,109,21.058386100138478,52.32958059956508,"[7.329476174458515, 20.397320553473147, 18.247068281181452, 18.99124979529068, 19.042387757366875]",0
139,20190,21.0623725799696,52.32527011069534,9128,21.063622200404268,52.325261100019816,"[6.728876419659174, 19.796720798673807, 17.64646852638211, 18.39065004049134, 18.441788002567534]",0
140,20215,21.076069144867454,52.32586310525849,377,21.0770639002788,52.32606389962933,"[7.198193752414901, 20.266038131429532, 18.115785859137837, 18.859967373247066, 18.91110533532326]",0
141,20270,21.075633784308977,52.32485936186046,9115,21.074305600423145,52.324538900350035,"[6.940909215714688, 20.00875359472932, 17.858501322437625, 18.602682836546855, 18.653820798623048]",0
142,20430,21.066532071846833,52.322612296628265,9084,21.06693060026703,52.32290279972449,"[6.311831753438754, 19.379676132453387, 17.229423860161692, 17.97360537427092, 18.024743336347115]",0
143,20510,21.078889933296313,52.32307209456496,9076,21.079727800097942,52.3225778000255,"[7.194318590380116, 20.26216296939475, 18.111910697103056, 18.856092211212285, 18.90723017328848]",0
144,20882,21.06526278556873,52.311987706729916,8833,21.061491700181875,52.308191699587326,"[4.553483747515403, 17.621328126530038, 15.471075854238345, 16.215257368347572, 16.266395330423766]",0
145,21217,20.9658297089491,52.322232534000065,9081,20.96478060024458,52.32275280000175,"[4.960208442531705, 20.041359569558786, 19.918234024164445, 18.59569979395619, 16.78521513095609]",0
146,21246,20.973076935905727,52.31757274598798,8983,20.974111099747518,52.31743330020669,"[5.130073127808206, 20.187849987614026, 20.064724442219685, 18.74219021201143, 16.931705549011333]",0
147,21421,20.96491987657964,52.33098443851021,34,20.96440280044891,52.33115560025078,"[5.5565657493157055, 20.736945888080033, 20.613820342685692, 19.291286112477437, 17.480801449477337]",0
148,21424,20.961956032512063,52.328135970412895,9187,20.96158060016461,52.32751389994655,"[5.7148559434167, 20.796007070443782, 20.67288152504944, 19.350347294841185, 17.539862631841086]",0
149,21438,20.961507849936893,52.3277859024112,9187,20.96158060016461,52.32751389994655,"[5.7148559434167, 20.796007070443782, 20.67288152504944, 19.350347294841185, 17.539862631841086]",0
150,21465,20.965506225213154,52.32962760384833,19,20.96446390038875,52.32954719964363,"[5.483475394716828, 20.56462652174391, 20.44150097634957, 19.118966746141314, 17.308482083141215]",0
151,21685,20.972494249934318,52.32995340749577,33,20.971875000231137,52.329708299698325,"[5.087133249537313, 20.50866233912345, 20.38553679372911, 19.063002563520854, 17.252517900520754]",0
152,21766,20.979860945625603,52.32984683776428,27,20.97860560016835,52.32936670031302,"[4.949107399641915, 20.65824440986576, 20.535118864471418, 19.212584634263163, 17.402099971263063]",0
153,21778,20.978296415947728,52.32817699001736,10,20.97742220027436,52.328724999858935,"[5.001056646853625, 20.550507485846033, 20.427381940451692, 19.104847710243437, 17.294363047243337]",0
154,21836,20.98439214608832,52.33012690136623,54,20.983863900198912,52.3310889002326,"[4.290821499701386, 21.279488455395434, 20.93774577184447, 19.833828679792838, 18.023344016792738]",0
155,21972,20.97379683544829,52.32063777198515,9028,20.97302500020362,52.31973330015171,"[4.1146116518232425, 19.195762778850323, 19.072637233455982, 17.750103003247727, 15.939618340247627]",0
156,22262,21.123899131952413,52.23829520297098,5636,21.12472500005873,52.23816939959818,"[13.11517765926261, 9.522369269000048, 4.062829282178923, 12.248269804611363, 16.0271049778106]",2
157,22631,21.100414764105015,52.24857103371236,6431,21.10048059969995,52.249025000003826,"[10.724219240834827, 8.991154149174266, 6.294740848179714, 11.44496701764723, 14.36005162687556]",2
158,22784,21.105456329984246,52.24966121413328,6544,21.10463330018672,52.25009719962611,"[10.942267764766527, 9.049680700515134, 6.078983319679688, 11.77558123612645, 14.749643397426462]",2
159,22812,21.107461590845997,52.245425913444834,6193,21.10830559992354,52.245500000224865,"[11.451162033808533, 8.629173308381079, 5.522681923922047, 11.355073843992395, 14.818817326378257]",2
160,22987,21.078353061096756,52.22393157130004,4802,21.077688900322528,52.223199999780206,"[11.405778493497063, 7.156000479472152, 8.796793957711644, 8.820188985866757, 12.861189587555009]",1
161,23073,21.023912308751157,52.11417029245899,436,21.020791700176858,52.115519400300116,"[22.785100155857336, 12.848882147485083, 21.35350703976653, 7.46801917567257, 17.098368737016678]",3
162,23531,21.07779018898461,52.13259344439547,282,21.07691670014566,52.131494400446286,"[22.186364576241097, 8.872809326023232, 19.449137899498048, 7.470756950653096, 17.447743428405058]",3
163,23675,21.077538850159822,52.134112050606234,611,21.075633300136758,52.132908300177974,"[22.006158770879907, 8.692603520662034, 19.268932094136858, 7.2905511452919, 17.267537623043864]",3
164,23704,21.077034585389278,52.13212610808486,282,21.07691670014566,52.131494400446286,"[22.186364576241097, 8.872809326023232, 19.449137899498048, 7.470756950653096, 17.447743428405058]",3
165,23771,21.069563145388802,52.13358237897961,631,21.069502799814416,52.13427220030184,"[21.989854910557412, 8.676299660339543, 19.252628233814367, 7.27424728496941, 17.06320272779008]",3
166,23904,21.10054616411804,52.126081830188475,508,21.099674999601575,52.12507779970076,"[22.713911249412384, 8.464572664944264, 19.29029564185772, 9.699107310525722, 20.14504323253646]",1
167,24119,21.017941389829552,52.17454323458045,1742,21.018422199724796,52.17355829967585,"[16.30212298534837, 7.345400432374293, 14.870529869257565, 0.9850420051636039, 10.795530040962317]",3
168,24148,21.015573900237914,52.20657876281407,3731,21.01534720001331,52.20618889969802,"[12.830141614730506, 7.34676582543975, 12.893055279223798, 3.3117080446623266, 9.220350711227123]",3
169,24495,21.096730548227054,52.19011963382128,2627,21.096266700347996,52.188819399995396,"[17.235134729024722, 0.7445582199567753, 11.631981301719994, 6.794809996641216, 16.12371910936662]",1
170,24534,21.02571995657668,52.207527394575,4087,21.024399999660318,52.207041699814624,"[12.392940172354422, 7.361845796061398, 12.455853836847716, 4.295968267260548, 9.748336211802885]",3
171,24659,21.023028289107724,52.195735885141424,3079,21.022322199709777,52.19590829972833,"[13.738638572805126, 6.769037337345502, 13.699782235645403, 2.0837551399206413, 10.531055488173257]",3
172,24671,21.019450236129494,52.195003153950836,3061,21.01962780028282,52.195500000324785,"[13.928395503129094, 6.894585058601469, 13.889539165969373, 1.9791291062829113, 10.341298557849289]",3
173,24714,21.01729604657298,52.19214655122944,2836,21.017608299783262,52.19201389982169,"[14.428078362257828, 6.775827460669067, 13.854321743678833, 1.6560297377786544, 10.477249467639181]",3
174,24786,21.02787153209057,52.18795350675083,2482,21.02721940035508,52.18639720017069,"[14.868031660694188, 5.691132331571813, 13.09308827442557, 1.09768532695172, 11.645540954639257]",3
175,24794,20.999377811476492,52.19709252333772,3136,20.999336100180926,52.19681940019524,"[14.706361453258566, 8.281327944441491, 15.055187645378686, 3.022511527464562, 9.130906859166414]",3
176,24936,21.031196777535985,52.18813215138764,2588,21.030277800380247,52.188349999752745,"[14.86171684276862, 5.369908102907131, 12.771864045760887, 1.418909555616402, 11.96676518330394]",3
177,25257,20.946391646480475,52.237968933711684,5707,20.945669399723045,52.23894719985344,"[10.444795280264922, 13.801946667488258, 16.86604739567454, 10.133661859890926, 4.1482941939678675]",4
178,25420,20.92586618589511,52.237649696373005,5630,20.923063899579347,52.237994399621925,"[12.06819904699551, 16.230719654765128, 19.294820382951414, 12.51442162146512, 2.9186935918143666]",4
179,25450,20.987847090873817,52.233393147346725,5268,20.986180599654972,52.232113900036495,"[10.214261713583525, 10.7383191895759, 14.083412229956076, 7.142383997653269, 5.729402110831913]",4
180,25555,21.056195594221297,52.270076220180975,7608,21.0568528001167,52.27016109965507,"[5.901914602944727, 13.597507386502325, 12.035469896936045, 12.305331675257767, 12.356469637333959]",0
181,25594,20.957465350105885,52.187486793089796,2544,20.95775560004097,52.18753330022167,"[15.649965082524682, 11.422556263588989, 17.69612113119053, 4.6337386050654565, 6.515857726358111]",3
182,25655,20.913799877968263,52.20399469697296,3521,20.914169400397554,52.20314439959441,"[15.927638043853715, 14.896803352554095, 20.02923337116225, 8.107985694030562, 2.949284386164661]",4
183,25767,20.915316403483075,52.209262833456656,3973,20.91443060039194,52.20980559974868,"[14.899499623987184, 15.673265341075819, 19.987159180124564, 8.884447682552288, 1.9142325749453055]",4
184,25838,20.930798265747317,52.20856082614283,3916,20.930983299839454,52.20916109970506,"[15.618135093126519, 14.693627002016186, 18.946088293674517, 8.338616089629404, 3.3595981938751835]",4
185,25893,20.9259846793351,52.20237844867357,3471,20.92585279976697,52.202602799979275,"[15.461310832249305, 14.451149454909459, 18.789264032797302, 7.662331796385926, 3.1290480342350917]",4
186,26477,20.909429654580425,52.25368217985896,6843,20.909455600295757,52.25409719972606,"[10.594760328837646, 17.120107389547982, 20.151832937386768, 13.462393538049833, 4.401638281477607]",4
187,26827,20.895557650350675,52.25846021195882,7022,20.895969400167758,52.25804169996451,"[11.82986852673347, 18.355215587443805, 21.386941135282587, 14.697501735945652, 5.238207628674288]",4
188,26918,20.892638956916343,52.23590767114342,5781,20.893140876750124,52.239787522776,"[13.061957884463137, 17.434698621601516, 20.498799349787802, 13.541308600021152, 3.3291146818386164]",4
189,27121,20.983629497304403,52.21973438049526,4614,20.983400000209883,52.22011670022562,"[11.572506600412641, 10.089398030821362, 14.0776376422595, 6.106584704332232, 6.560371988251855]",3
190,27195,20.98506193485185,52.22223939365032,4670,20.98533329979199,52.22105280004672,"[11.35580402886716, 10.054002305591109, 13.969642099357735, 6.108206788555473, 6.601069291655726]",3
191,27275,20.992981234970113,52.225369578809484,5009,20.99167780009043,52.227244400308905,"[10.659665704631394, 9.96140148745641, 13.589891620111144, 6.365466295533778, 6.195200735999466]",4
192,27278,20.996596743472573,52.22583144616104,4925,20.99658329967957,52.225327800237835,"[10.79709820856946, 9.40942601953352, 13.179096129770556, 5.813490827610887, 6.731422103716035]",3
193,27289,20.96743694687751,52.20235953249407,3523,20.96738059963502,52.203180600004714,"[13.79674882580487, 10.673769272083934, 15.842904874470715, 5.414952855107003, 6.77528805479779]",3
194,27343,21.10899972237713,52.20983852729107,3897,21.11086390044869,52.20876939998789,"[14.514973752892992, 6.213762938331565, 6.1282499484259, 8.939663473942884, 15.65093920421194]",2
195,27347,21.109042884496834,52.20976382190458,3897,21.11086390044869,52.20876939998789,"[14.514973752892992, 6.213762938331565, 6.1282499484259, 8.939663473942884, 15.65093920421194]",2
196,27354,21.137511778742372,52.23002340547111,5179,21.13763059967249,52.229844399699346,"[14.627559181089957, 10.451145809631132, 2.731315276906524, 13.177046345242452, 17.510248309397802]",2
197,27475,21.14608990503901,52.2216506923809,4708,21.146327800187862,52.22173890003029,"[15.21182248317449, 8.946946013914811, 2.6766725090216474, 11.672846549526131, 18.09451161148234]",2
198,27566,21.132400549762938,52.21382734456986,4298,21.132794400041575,52.21432220010951,"[15.846502659720787, 7.545291845159359, 4.03784667266882, 10.271192380770678, 16.982468111039733]",2
199,27582,21.141754117481224,52.218917002163096,4500,21.14150000022488,52.21784440029887,"[15.719406602902048, 8.359588304500338, 3.3940341572529285, 11.085488840111658, 17.79676457038071]",2
200,27719,21.189362183467207,52.21228548425309,4227,21.18952220028939,52.21316109980495,"[19.344523919119617, 14.162472712742511, 3.800127683239677, 16.888373248353833, 22.227213047427462]",2
201,27722,21.193500072226318,52.2126959034321,4044,21.192433300356583,52.21075560039071,"[19.570644653791916, 14.388593447414808, 4.026248417911973, 17.11449398302613, 22.453333782099758]",2
202,27890,21.183665205225402,52.18381871339796,2335,21.183616699551067,52.1840999998152,"[20.32431902868499, 13.2309343763715, 5.599187546506369, 15.956834911982817, 22.668110642251868]",2
203,28216,20.926280395278052,52.28140342353238,8088,20.92540000010996,52.28092220019943,"[8.219401584366231, 17.764642054495873, 19.47971435308586, 14.419516085019813, 8.242254794779113]",0
204,28355,20.95865764620585,52.28391963846412,8260,20.958541700139392,52.28485000002752,"[6.38263003323585, 16.375742930336596, 18.090815228926594, 13.128878178724685, 9.244307143708841]",0
205,28374,20.938621564764436,52.3079257127523,8837,20.93841389968179,52.30824720034809,"[8.081953888023964, 19.112729251365256, 20.770110643207047, 16.189962365441623, 11.815505068471289]",0
206,28441,20.936204544317572,52.26892549128022,7640,20.93600830044278,52.270930600067175,"[7.862417713283566, 16.55067556668262, 18.55627335679706, 12.954740374759986, 6.762761598282687]",4
207,28563,21.099410956904524,52.22085375442115,4667,21.09813329991192,52.22094169959979,"[12.956682788116714, 6.077639450325356, 7.573856549055923, 8.803539985936673, 14.279186356005537]",1
208,28711,21.092843329598065,52.23029856071949,5120,21.094883300224183,52.229658300290396,"[12.048367362266701, 6.434104622362479, 6.152972410867354, 9.160005157973796, 14.264990848857659]",2
209,29011,21.14305376702141,52.22853513553091,5095,21.143222200144464,52.22828329983446,"[14.912296207556903, 10.170538696533445, 2.4507081638088346, 12.896439232144765, 17.794985335864748]",2
210,29239,20.972180150059923,52.322046869622724,9029,20.97133329989191,52.322122199879686,"[4.4043898140603295, 19.48554094108741, 19.36241539569307, 18.039881165484815, 16.229396502484715]",0
211,29370,21.094699989252067,52.24103041363208,5894,21.09582219963488,52.240958299785746,"[11.174057941412668, 7.941060951267435, 6.043051607648398, 10.377884082693129, 14.056747069720517]",2
212,29427,21.105594312862166,52.25211531919018,6544,21.10463330018672,52.25009719962611,"[10.942267764766527, 9.049680700515134, 6.078983319679688, 11.77558123612645, 14.749643397426462]",2
213,29455,21.075268323667355,52.25478588381741,6958,21.07696390016389,52.256769400287624,"[10.098801227614999, 10.298278296772782, 8.40031523094584, 11.48190030082714, 13.322147203482624]",2
214,29943,21.143581667616143,52.241778662099016,5833,21.1434500002174,52.23945000001754,"[15.294929853557605, 11.27535019341316, 3.29549875240606, 14.001250729024473, 18.206857172105597]",2
215,30246,21.196332428006954,52.16560248182662,1220,21.196388900027785,52.162383299649605,"[23.13152934365288, 14.830318529091457, 8.708794762785942, 17.556219064702763, 24.267494794971824]",2
216,30377,20.901068210274424,52.2143402074335,4442,20.90060279997931,52.21686109956016,"[14.728942652335641, 16.504484357096064, 20.07748688413439, 11.17443629970163, 0.7567336196964122]",4
217,31029,21.120948781775425,52.27366708236983,7622,21.12086669983836,52.270533300271666,"[13.579744731097689, 12.519317157399461, 7.376801734798001, 15.245217693010778, 18.41556685437735]",2
218,31265,21.115346045884532,52.21632124731675,4383,21.116163900243862,52.2159305998174,"[14.596827742980565, 6.295616928419139, 5.604105259140924, 9.021517464030456, 15.732793194299514]",2
219,31310,21.000837321354105,52.25313210685274,6806,21.000000000399723,52.25362780038273,"[7.100946675018459, 11.342540752329292, 13.251326009650993, 9.043873464563607, 8.25303921209342]",0
220,31512,21.015942617662002,52.23009509669558,5203,21.016336099931095,52.23083059985237,"[9.764018981131022, 8.643842409544845, 11.647191236951285, 6.049444438099874, 8.01833844041155]",3
221,31515,21.032326194857696,52.303876451337274,8729,21.02988330017422,52.3037583000056,"[2.97881855138334, 17.91571886484397, 16.140252835247324, 16.490510759613915, 15.033970083476488]",0
222,31732,21.19068123044008,52.18639216454458,339,21.19038059958507,52.187488899792925,"[20.204552647910234, 14.10813246159722, 5.020322513473521, 16.83403299720854, 23.087241776218082]",2
223,31826,21.10288333982608,52.257666175252176,6914,21.107697199566132,52.25573609994109,"[10.445253180740172, 10.164296795425557, 7.185011881384756, 12.80925046293521, 15.28107530401983]",2
224,31970,21.149009567385818,52.276693628948046,7881,21.147286099773737,52.27624720044798,"[15.179492785168879, 14.119065211470655, 7.733503563387898, 16.84496574708197, 20.015314908448538]",2
225,32118,21.095031050551217,52.195113816916034,3004,21.09688329982447,52.19458889985788,"[16.79881727441642, 0.2692092186542768, 11.195663847111694, 6.519608439869256, 15.68740165475832]",1
226,32331,20.952140349215345,52.245784503847254,6198,20.953180600404437,52.24562499969403,"[9.217451509525226, 14.044773099796815, 17.076498647635596, 10.448837907874179, 5.451371743102472]",4
227,32439,21.073534763445586,52.14048691098668,723,21.073588900107723,52.14066389971924,"[21.336913550381603, 8.023358300163727, 18.599686873638554, 6.719688836805594, 16.92799957748754]",3
228,32716,21.066686694537406,52.34526392068698,9263,21.067311099827464,52.34191939966064,"[7.677105827019649, 22.3976428836261, 20.247390611334406, 20.991572125443636, 21.04271008751983]",0
229,33028,20.998345879171232,52.22507915378909,4834,20.997686099633825,52.22368060017959,"[10.995272255058923, 9.211251973044057, 12.980922083281094, 5.615316781121424, 6.824236122445274]",3
230,33070,21.10234413374869,52.21514250750076,4318,21.10131389981666,52.21470829974828,"[13.378612648046108, 5.07740183348468, 6.387471232281287, 7.803302369095999, 14.514578099365055]",1
231,33735,21.141679621658454,52.22950981075561,5094,21.141986099978567,52.22882219968483,"[14.80870765099628, 10.066950139972821, 2.347119607248211, 12.792850675584141, 17.691396779304124]",2
232,33889,21.133496284462918,52.21787940141353,4407,21.134055600285762,52.217902799574574,"[15.575879118066574, 7.850758016733293, 3.6141150490326748, 10.576658552344613, 17.287934282613666]",2
233,33982,21.139323850978567,52.2147506402658,4499,21.14149170038172,52.21530559977367,"[16.001903303483715, 8.642085005082006, 3.676530857834598, 11.367985540693326, 18.079261270962377]",2
234,34079,21.205302264368495,52.154587930839256,307,21.206205600008502,52.1553333000918,"[23.961487164635564, 15.660276350074145, 9.112519809340771, 18.38617688568545, 25.097452615954516]",2
235,34439,21.18935571033225,52.15281691219812,890,21.189363899824173,52.15178330005932,"[22.903231326838473, 14.602020512277047, 10.243330735362921, 17.327921047888353, 24.039196778157418]",2
236,34527,21.237913176370476,52.16802794727166,1443,21.238436099746252,52.16666670040797,"[25.386294170331787, 18.144861021605287, 9.84189793445186, 20.870761557216593, 27.582037287485655]",2
237,34536,21.239915206725072,52.166735859131386,1444,21.240269400112766,52.16666670040797,"[25.396051503948286, 18.317098247837773, 9.85165526806836, 21.04299878344908, 27.754274513718144]",2
238,34612,21.219204313473956,52.192985163380186,2970,21.219994400421285,52.1940193996756,"[22.85614987881391, 16.575538770087032, 7.311753642933977, 19.30143930569834, 25.738839007121754]",2
239,34677,21.201474719095557,52.252324704726625,6726,21.200397199970837,52.25236390037378,"[18.141088329001406, 14.852052647427339, 6.0046728461366286, 17.577953183038648, 21.79458901464842]",2
240,34721,21.179205416350502,52.244839632105304,6116,21.178072200171925,52.24423889980545,"[16.673529213560073, 12.973281168326956, 4.125901367036244, 15.699181703938269, 19.915817535548037]",2
241,34805,21.192202256379314,52.24405968875831,6087,21.190188900097723,52.243716700365496,"[17.410546603040963, 13.83574195261825, 4.9883621513275385, 16.56164248822956, 20.77827831983933]",2
242,34890,21.191191181189108,52.24954084378633,6509,21.19143609969632,52.24989720029561,"[17.469348518035694, 14.180312836461631, 5.33293303517092, 16.90621337207294, 21.122849203682712]",2
243,34979,21.02296148895587,52.35172770333995,9351,21.021749999762733,52.35169170011193,"[6.821726658027613, 23.817579950716066, 22.05397085886038, 22.37192017511346, 20.89195778743379]",0
244,35069,21.046242139785416,52.34092492629436,9247,21.04763059967246,52.340052800096714,"[6.319378223097418, 21.99020946798054, 19.839957195688847, 20.584138709798076, 19.903187251432044]",0
245,35180,21.05474709691366,52.33415160338434,9223,21.05416940029761,52.33435560033075,"[7.303210060762452, 21.006377630315505, 18.85612535802381, 19.60030687213304, 19.651444834209233]",0
246,35224,21.061691947184173,52.32578948268566,9128,21.063622200404268,52.325261100019816,"[6.728876419659174, 19.796720798673807, 17.64646852638211, 18.39065004049134, 18.441788002567534]",0
247,35429,20.939594316255175,52.321028203122935,9036,20.940869399603173,52.320183300219185,"[6.289136363807738, 21.346913223613566, 21.223787678219225, 19.90125344801097, 18.090768785010873]",0
248,35470,20.959220632459132,52.345572932350045,9294,20.960963899964042,52.34450559985362,"[6.500074256706941, 22.49825122496352, 22.37512567956918, 21.052591449360925, 19.242106786360825]",0
249,35514,20.953898880612975,52.32714893318572,371,20.954238900105224,52.326630600222074,"[6.077178412985489, 21.15832954001257, 21.03520399461823, 19.712669764409974, 17.902185101409874]",0
250,36062,20.98136564550018,52.30434368489377,8728,20.981141700029468,52.30368060037944,"[3.2824382107071104, 17.82210861056309, 17.69898306516875, 16.376448834960495, 14.565964171960397]",0
251,36149,21.017229172601112,52.32634390088805,102,21.015055600235826,52.327930599917295,"[4.422297517809538, 21.418150810497995, 20.0791062364463, 19.97249103489539, 18.492528647215718]",0
252,36262,20.977058181295515,52.3518155718278,9354,20.976313900066486,52.35194169994952,"[6.01384983495087, 23.00970312763933, 22.660774107093953, 21.564043352036727, 20.084080964357053]",0
253,36364,21.03440381452994,52.302862549766715,8662,21.034586099768717,52.299947199803455,"[2.4364055652930228, 17.37330587875365, 15.41405384054723, 15.948097773523598, 14.491557097386169]",0
254,36567,21.003890165821353,52.31642535641926,8991,21.003819400445025,52.31767779979066,"[1.9345030588925425, 18.930356351580997, 18.58142733103562, 17.484696575978393, 16.00473418829872]",0
255,36793,20.98739626744013,52.29989064167682,8702,20.987352800291546,52.29973059988731,"[3.5587579485949057, 17.6570264922982, 17.53390094690386, 16.2113667166956, 14.400882053695502]",0
256,37295,21.128312916301518,52.23749350482478,5656,21.128433299657104,52.23827220020195,"[13.288030632561284, 9.6246600360805, 3.725977544817121, 12.350560571691817, 16.199957951109273]",2
257,37643,21.101031900205296,52.24396259506651,6074,21.101344400323853,52.24358330032908,"[11.26022855226866, 8.141616461777236, 5.606705281591908, 10.867516997388552, 14.142917680576511]",2
258,37990,21.064543216759002,52.22426583888363,4815,21.065930600017225,52.22337220016698,"[10.601451706487552, 7.005841983488674, 8.711931054277704, 7.930248099759571, 11.971248701447822]",1
259,38239,21.017141204746043,52.114989209712505,430,21.016958300385284,52.11564439976928,"[22.718680052372434, 12.782462044000184, 21.287086936281632, 7.40159907218767, 17.031948633531776]",3
260,38338,21.010325692489122,52.12177885257033,467,21.01008329990441,52.11981939984548,"[22.781373938354, 12.845382421145173, 21.349780822263195, 7.464292958169237, 17.094642519513343]",3
261,38484,21.0256648244711,52.10996703068136,261,21.028330599977267,52.108355599631295,"[24.006867770357616, 14.070649761985376, 22.57527465426682, 8.68978679017286, 18.320136351516975]",3
262,38522,21.013480747359402,52.120258453433564,466,21.013344399924165,52.11985830002061,"[22.55796013010638, 12.62196861289755, 21.126367014015578, 7.240879149921614, 16.871228711265722]",3
263,38608,21.015406869694367,52.112268108107074,417,21.01480000031978,52.11272220026939,"[23.186136777120844, 13.249918768748595, 21.75454366103004, 7.869055796936081, 17.499405358280193]",3
264,38756,21.078726427511874,52.13356927851995,281,21.079852799567107,52.13201109963262,"[22.404190111360776, 9.09063486114291, 19.66696343461773, 7.688582485772776, 17.66556896352474]",3
265,38824,21.104989195212063,52.121139205635686,475,21.103452799706986,52.121391699867104,"[23.047872273951846, 8.798533689483728, 19.624256666397187, 10.033068335065185, 20.29698482420711]",1
266,38837,21.080537460905603,52.13611989057549,689,21.082163899844147,52.13876390023387,"[21.568995921698573, 7.319657337230459, 18.14538031414392, 7.255440510329166, 17.463751251011118]",3
267,39018,21.098005259593716,52.23965794606404,5691,21.09798060042442,52.238824999973815,"[11.511116027158648, 7.585055914601559, 5.857241731218823, 10.310956450212876, 14.16146553841701]",2
268,39339,21.032482483024765,52.14891889315914,846,21.03261390001154,52.14945279960705,"[19.53523461678911, 8.507333014026495, 16.993773556015956, 4.218153636604345, 13.84850319794845]",3
269,39346,21.04334545326539,52.15340666510471,922,21.043180600404412,52.152783300309125,"[19.513264521342364, 8.121540248316691, 16.776037844599312, 4.32409406353058, 13.954443624874683]",3
270,39424,21.018770542626896,52.172199320826124,1620,21.01930829993813,52.17130000039475,"[16.414350160419474, 7.457627607445398, 14.98275704432867, 1.0972691802347085, 11.137064692012396]",3
271,39565,21.02358386940958,52.205586205254505,3683,21.022836100205893,52.20553059955756,"[12.560365612967916, 6.66389483083272, 12.623279277461208, 3.062001104500177, 9.741913648611765]",3
272,39689,21.08680870850538,52.19393805712384,2984,21.086011099732502,52.19416390004403,"[16.26027460677858, 1.1304173648524025, 10.657121179473853, 5.65840029367113, 15.062432130137612]",1
273,39724,21.055537589659416,52.21435011829779,4248,21.057408299653332,52.21358330002931,"[12.573637306715955, 4.49438918635474, 9.990085308766563, 5.637152199334379, 11.462221687057855]",1
274,39786,21.057052127298814,52.2140875809884,4248,21.057408299653332,52.21358330002931,"[12.573637306715955, 4.49438918635474, 9.990085308766563, 5.637152199334379, 11.462221687057855]",1
275,39850,21.051091344508407,52.17828007146117,2020,21.050886099613876,52.1785583000256,"[16.06398034301685, 4.625272214624315, 13.161290980836378, 2.5437929002059136, 13.170355716224075]",3
276,39983,20.924073468676436,52.30844837834204,8806,20.92430559982364,52.308591700046975,"[8.576266688363267, 19.607042051704564, 21.264423443546356, 16.55436627282247, 12.052160244042815]",0
277,40023,21.168455685533353,52.26352129465396,7315,21.16959170029679,52.26323890005523,"[15.390532081913765, 13.673242826040818, 6.603300427835002, 16.399143361652136, 20.226354205193417]",2
278,40599,21.16325086363219,52.271968454962696,7676,21.16409440003656,52.271658299990634,"[15.651005129213301, 14.590577555515079, 7.628920694230846, 17.316478091126395, 20.486827252492958]",2
279,40668,21.15587342359389,52.27157412777079,7726,21.15686109976002,52.272774999866385,"[15.12642895165218, 14.066001377953956, 7.680439729871198, 16.791901913565273, 19.96225107493184]",2
280,40867,21.15003945349076,52.270128025622654,7623,21.15020000032979,52.270533300271666,"[14.607798235037029, 13.547370661338805, 7.161809013256048, 16.273271196950123, 19.44362035831669]",2
281,41310,21.165760465633525,52.26609198542639,7402,21.16647220033184,52.266711099737506,"[15.230684851757802, 14.069420203448136, 6.999477805242321, 16.795320739059452, 20.066506975037452]",2
282,41320,21.152448567486474,52.26629328595355,7448,21.15253889955062,52.26657780042518,"[14.62749379901229, 13.567066225314068, 6.866169134279992, 16.292966760925385, 19.463315922291947]",2
283,41539,21.15043786565394,52.264952614403214,7400,21.14943609999608,52.26547499957161,"[14.382663390909691, 13.32223581721147, 6.6213387261773935, 16.048136352822787, 19.21848551418935]",2
284,41637,21.156805572774108,52.264204246413684,7363,21.156494400296367,52.2642749999913,"[14.435576762479533, 13.37514918878131, 6.599852714984271, 16.101049724392627, 19.271398885759186]",2
285,41657,21.15054634427811,52.26389580708666,7260,21.150430599992262,52.262263900059,"[13.96491713524712, 12.904489561548898, 6.203592470514821, 15.630390097160214, 18.80073925852678]",2
286,41886,21.169089168542047,52.261427419953904,7177,21.169325000048786,52.26081939999534,"[15.270995804258039, 13.551873197611545, 6.481930799405729, 16.277773733222862, 20.10681792753769]",2
287,42158,20.996089296251643,52.26842909412326,7533,20.995883299774505,52.268541700339256,"[5.586337381695593, 13.277384002118652, 14.934765393960445, 10.812380264082982, 9.805915634955143]",0
288,42179,20.992517842210262,52.26834639895294,7503,20.99340000001007,52.26816389964432,"[5.4870597879611225, 13.140063325292337, 14.79744471713413, 10.675059587256667, 9.668594958128828]",0
289,42425,20.981930392602663,52.26567689398691,7299,20.981486099903634,52.26580830001308,"[6.072078596373375, 13.495537463284624, 15.210609761874613, 10.356448907730062, 8.784551655603831]",0
290,42648,20.98876314270657,52.26182030432816,7219,20.988700000005053,52.26141939978555,"[6.316673165243694, 12.724130443299984, 14.439202741889973, 10.157447530635826, 8.669192813763738]",0
291,42686,20.95851295125552,52.228853500650125,5058,20.95935829984569,52.228102799604585,"[11.079893725890106, 12.275031828735354, 15.848034355773668, 8.450932612404335, 3.681579044677245]",4
292,42722,20.94612698633388,52.2472235769517,6299,20.94752220008951,52.24703609983618,"[9.407713499319138, 14.23503508959073, 17.26676063742951, 10.639099897668093, 5.1975082492267815]",4
293,42806,20.944127347667383,52.247579184427615,6290,20.942922200199405,52.24683060025205,"[9.638114002035815, 14.550043763915504, 17.581769311754282, 10.954108571992867, 5.007917649029867]",4
294,42836,20.939662086931822,52.24118683906369,6014,20.94084440024892,52.24268060042942,"[9.828875336955905, 14.417866610797274, 17.48196733898356, 10.701568577497266, 4.336950704374756]",4
295,43094,20.963793722895954,52.18905534966502,2589,20.9636389001152,52.18836110008476,"[15.68820499114445, 10.8469111720576, 17.33217093334136, 4.058093513534066, 6.568469302484096]",3
296,43134,20.96294192644561,52.18916898570453,2692,20.963183299969387,52.18977780030531,"[15.465077895509465, 11.074733570118392, 17.293350223434857, 4.2859159115948575, 6.590608405318256]",3
297,43298,20.963430398949967,52.191721239131496,2863,20.963755599741205,52.19234999985264,"[15.114188632312713, 11.203196469936444, 17.114142997719487, 4.658584820101222, 6.724048605575187]",3
298,43373,20.959571452590662,52.18794143012199,2532,20.959211099712547,52.18723329987694,"[15.737447145132906, 11.3019658579006, 17.762807182549533, 4.513148199377068, 6.616640343006563]",3
299,43447,20.901876704841342,52.21085718759623,4078,20.90222780027284,52.21110830010804,"[15.275187183531864, 16.41063643735097, 20.623731415330614, 9.62181877882744, 2.2899201344899858]",4
300,43565,20.864778353310953,52.2070659534784,3809,20.865061099889886,52.207316699905846,"[19.132748756126617, 19.154180621174298, 23.748327632674766, 12.365362962650758, 6.1474817070847365]",4
301,43958,20.88812632371531,52.19639168661568,3107,20.88856390040371,52.196333300441495,"[18.24594960820398, 16.743498746763102, 22.110777465495236, 9.954681088239568, 5.260682559162096]",4
302,44138,20.89002396651379,52.19477243604879,2979,20.889738899730503,52.19413610020092,"[18.34374672049443, 16.766839973894164, 22.1341186926263, 9.978022315370634, 5.358479671452547]",4
303,44211,20.887305199695373,52.192377043304226,2864,20.88780279965954,52.192352800341496,"[18.31621823396113, 17.014539616709634, 22.381818335441764, 10.225721958186103, 5.330951184919247]",4
304,44216,20.887726385934062,52.19194874695743,2816,20.88808060023956,52.19180280015917,"[18.380297975629254, 16.960832510445393, 22.328111229177527, 10.172014851921864, 5.3950309265873715]",4
305,44422,20.87251825659933,52.18658477023868,2492,20.872291700401718,52.18652779971825,"[19.316936539215675, 18.233063623140776, 23.600342341872913, 11.444245964617243, 6.331669490173798]",4
306,44424,20.871340276510388,52.18496780365452,2440,20.87164999994758,52.185686099933605,"[19.420367623161795, 18.336494707086892, 23.70377342581903, 11.54767704856336, 6.435100574119916]",4
307,44615,20.878880229271154,52.18831897293565,341,20.87906669986836,52.18898059987481,"[18.864564879406323, 17.590529638600696, 22.957808357332826, 10.801711980077165, 5.879297830364443]",4
308,44674,20.880273473134142,52.18889676326373,342,20.88040280014917,52.189038900225114,"[18.77296113324121, 17.498925892435576, 22.86620461116771, 10.710108233912045, 5.787694084199324]",4
309,44755,20.882058573179982,52.18806702722036,2657,20.882105599893578,52.18915829961588,"[18.655754204064245, 17.38171896325862, 22.748997681990748, 10.592901304735088, 5.670487155022366]",4
310,45107,20.897618614306147,52.182675707196324,2450,20.89402156124612,52.18257304720839,"[18.271065039283393, 16.231739521099247, 21.599018239831377, 9.442921862575716, 5.469092910179726]",4
311,45228,21.0084298579731,52.254714883480396,6797,21.00689170039169,52.25345280040648,"[6.929440752925327, 11.074387741024207, 12.928232373474744, 8.84358878559966, 8.32689845820236]",0
312,45302,21.03174019287013,52.22448706080548,4870,21.030477799710752,52.224433300356566,"[10.641165986434206, 7.225646692161054, 10.687321336934005, 5.657106946975152, 9.038959646715636]",3
313,45387,21.013164387328505,52.280537654980364,8084,21.01410559959379,52.28091109986741,"[3.5824805979076104, 14.29039347896012, 14.167267933565777, 12.844733703357518, 12.435749508657944]",0
314,45521,20.902305258721587,52.26329275500065,7307,20.901813899891636,52.26318059970498,"[12.089694213906416, 18.61504127461675, 21.646766822455536, 14.957327423118596, 5.896572166546373]",4
315,45545,20.87414408401845,52.25078899900138,6630,20.87460830003306,52.25092500038852,"[13.86621287058875, 19.959417783294814, 23.023518511481104, 16.143538449926183, 6.0011333433522145]",4
316,45628,20.892926706440477,52.254487024523954,6860,20.893844400198986,52.25443610024587,"[12.264024526797318, 18.78937158750765, 21.821097135346434, 15.120899589697006, 4.978494483123035]",4
317,45837,20.892539891093254,52.25512950335711,6911,20.89281109985245,52.25573059968747,"[12.18024236989136, 18.705589430601695, 21.73731497844048, 15.047875579103541, 5.187546626546228]",4
318,45989,20.895283923708785,52.221612884063894,4650,20.896594400211427,52.22066940017271,"[14.839208043307845, 17.010004166380796, 20.583006693419126, 11.679956108986364, 1.2622534289811451]",4
319,46036,21.11255634490575,52.224827549276355,4886,21.112797200030798,52.224741700369236,"[14.585933721981617, 6.284722907420191, 6.730075676387582, 9.010623443031509, 15.721899173300566]",1
320,46269,21.135966656417324,52.232596626120916,5397,21.135013899871637,52.23453890035,"[13.820236688876141, 9.760389449962906, 3.0866865406088895, 12.486289985574219, 16.702925817183985]",2
321,46361,21.134873035106907,52.23858868613882,5639,21.134580600214576,52.23804440012901,"[13.756218233581096, 9.993567782615072, 3.4625227225231194, 12.719468318226387, 16.668145552129086]",2
322,46366,21.134044726987636,52.23949292071663,5821,21.13353330012177,52.24010279990432,"[13.694964812696282, 9.932314361730258, 3.7932325611504116, 12.658214897341573, 16.606892131244273]",2
323,46653,21.13864727710828,52.23518198804324,5422,21.139630600172097,52.23505560043566,"[14.249690132839143, 10.189842893925908, 2.9927961848335216, 12.91574342953722, 17.13237926114699]",2
324,46675,21.1416740058776,52.23258084836874,5280,21.14161109977249,52.23233059977741,"[14.389341736209875, 10.329494497296642, 2.659981513744129, 13.055395032907954, 17.272030864517724]",2
325,46740,21.14104706814738,52.23610919024856,5452,21.14112779960834,52.23538060013465,"[14.358190349842046, 10.298343110928812, 3.0281207633712257, 13.024243646540125, 17.240879478149896]",2
326,46781,21.148231983523022,52.23317273891454,5326,21.14752500017869,52.233291699852145,"[15.062088224716906, 10.640477335733248, 2.384097165541869, 13.366377871344568, 17.944777353024755]",2
327,46881,21.140747668901028,52.238042939012495,5624,21.141875000430957,52.23789440040633,"[14.38894572610173, 10.380887054459718, 3.1782151890599253, 13.106787590071031, 17.300873044649723]",2
328,46941,21.14858853916973,52.23180765988011,5220,21.14849170033176,52.23127780033025,"[15.295708822928098, 10.406856737522054, 2.150476567330675, 13.132757273133373, 18.178397951235947]",2
329,46957,21.15038433600641,52.23176917518152,5236,21.150202799919327,52.231602800029236,"[15.416071029667162, 10.529230131979267, 2.07132791079346, 13.255130667590587, 18.29876015797501]",2
330,47399,21.13732243814732,52.21438532679662,4411,21.13580829981322,52.21625830018047,"[15.98804446860038, 7.868512061424222, 4.02628039956648, 10.594412597035543, 17.305688327304594]",2
331,47513,21.135878749268183,52.21932629261157,4632,21.13631939982048,52.2203250002986,"[15.265098362901814, 8.161538771898051, 3.3033342938679158, 10.887439307509371, 17.598715037778422]",2
332,47577,21.12895473423595,52.21337350549461,4116,21.129641699804665,52.21137779994558,"[16.39913802974725, 8.097927215185821, 4.590482042695283, 10.823827750797141, 17.535103481066194]",2
333,47923,21.149443150634845,52.21490050874488,4282,21.149850000377285,52.21406109993984,"[16.239341015634082, 8.711463767034552, 3.491556564984388, 11.43736430264587, 18.148640032914926]",2
334,47980,21.15264385996761,52.21681063338594,4453,21.152266699948314,52.21653609986117,"[16.275630481365443, 9.993618320321058, 3.376027728563265, 12.71951885593238, 19.15831960967329]",2
335,48432,21.14021599171317,52.208296285222,3827,21.140374999606593,52.2074916998821,"[17.218108715517793, 8.91689790095636, 5.409452728465821, 11.642798436567679, 18.354074166836735]",2
336,48506,21.142332403583513,52.20359793766711,3563,21.141630599772384,52.203719400030366,"[17.15923168810626, 8.858020873544833, 5.82484880475589, 11.583921409156147, 18.29519713942521]",2
337,48739,21.178430306008476,52.180778556744485,2181,21.17917500012618,52.181491699682226,"[20.491774148875813, 12.684649235653758, 6.157129323500649, 15.410549771265067, 22.121825501534133]",2
338,48815,21.18175026198053,52.17712875976487,1880,21.18183060010216,52.17617219988716,"[21.339931192647818, 13.038720378086389, 6.807552488385215, 15.764620913697698, 22.475896643966756]",2
339,48954,21.134404884837306,52.19915341741396,3318,21.1346305998224,52.200152800311514,"[16.883417188836837, 8.582206374275405, 5.619663742153829, 11.308106909886721, 18.019382640155776]",2
340,49108,21.14552885978526,52.18485473666887,2333,21.14564170020435,52.18397500034604,"[18.412582731067324, 10.111371916505895, 7.589385052776189, 12.837272452117212, 19.548548182386266]",2
341,49476,21.149958007123324,52.20796350108952,3824,21.1496556002258,52.2074806004494,"[17.039199178396416, 9.25500923309358, 4.373013022719064, 11.980909768704901, 18.692185498973956]",2
342,49573,21.126891127705882,52.19660004694463,3166,21.127163900293795,52.197447199828446,"[16.387407229882854, 8.086196415321428, 7.4469117541256615, 10.812096950932748, 17.5233726812018]",2
343,49715,21.158834474697052,52.2011737976557,3500,21.158541699739715,52.20291389975671,"[18.23527729892242, 10.379452371845865, 5.335674546120243, 13.105352907457178, 19.816628637726236]",2
344,49890,21.122185671793478,52.19716542325081,3127,21.11986110040948,52.19674719992338,"[15.754875449878169, 7.453664635316742, 6.8143799741209765, 10.179565170928061, 16.890840901197116]",2
345,50333,21.211925567674538,52.15813678336947,1086,21.211213900201358,52.15853060040695,"[23.66010125698302, 16.090520740110193, 8.546835035987968, 18.8164212757215, 25.527697005990568]",2
346,50367,21.214589531911432,52.16049706361568,1156,21.21552779966828,52.160566699693504,"[23.628528654914454, 16.214488213143294, 8.44429852047775, 18.9403887487546, 25.651664479023665]",2
347,50423,21.200678818669534,52.166571932827445,1369,21.200705599983507,52.16642500041348,"[22.86592764892682, 14.894373761745271, 7.802382288338342, 17.620274297356573, 24.33155002762564]",2
348,50562,21.200815276361084,52.16708852651044,1369,21.200705599983507,52.16642500041348,"[22.86592764892682, 14.894373761745271, 7.802382288338342, 17.620274297356573, 24.33155002762564]",2
349,50882,21.213635930235817,52.16486689776969,1294,21.21420000012995,52.164638900065256,"[23.31114368382218, 16.225889882983235, 8.12691354938547, 18.951790418594545, 25.663066148863614]",2
350,50892,21.211747288926286,52.16652338654531,1434,21.212775000066245,52.16666670040797,"[23.106016139158207, 16.020762338319265, 7.9217860047215, 18.746662873930575, 25.45793860419964]",2
351,50915,21.214311288334528,52.1641425833562,1294,21.21420000012995,52.164638900065256,"[23.31114368382218, 16.225889882983235, 8.12691354938547, 18.951790418594545, 25.663066148863614]",2
352,50934,21.215820610389876,52.164691213970514,1175,21.216916700045715,52.164977799685744,"[23.500823234764624, 16.415569433925683, 8.316593100327918, 19.141469969536995, 25.852745699806057]",2
353,51111,21.183409979496084,52.240892468200194,5924,21.1816222002044,52.24150279971451,"[17.06307280867361, 13.362824763440495, 4.515444962149782, 16.088725299051806, 20.305361130661574]",2
354,51149,21.184914538187865,52.241068048997334,5832,21.18695280033154,52.24028330013425,"[17.468401432152667, 13.76815338691955, 4.920773585628837, 16.49405392253086, 20.710689754140624]",2
355,51353,21.18835978933759,52.24314817855079,6026,21.18760279972946,52.24300000005002,"[17.383587169640293, 13.68333912440718, 4.835959323116467, 16.409239660018493, 20.625875491628257]",2
356,51448,21.189856550888315,52.244153945438626,6117,21.190011099632613,52.24425000013747,"[17.349975312274715, 13.856785670816842, 5.0094058695261285, 16.582686206428153, 20.79932203803792]",2
357,51565,21.193921615910384,52.24316365614299,5956,21.19081669973093,52.24184170023432,"[17.623543002588605, 13.943739939231463, 5.09636013794075, 16.669640474842772, 20.886276306452544]",2
358,51671,21.196806391898956,52.24460495560993,6127,21.19748059965002,52.24433610033083,"[17.860258583749214, 14.367068942291338, 5.519689141000624, 17.09296947790265, 21.30960530951242]",2
359,51701,21.18543750059544,52.247573981221834,6295,21.18541109974251,52.24691389995655,"[16.806208084004503, 13.5381365858278, 4.690756784537087, 16.264037121439113, 20.480672953048884]",2
360,52085,21.026904269087275,52.348780498844,9342,21.027236099866172,52.35082500007377,"[6.555222536304951, 23.551075828993405, 21.78746673713772, 22.105416053390798, 20.625453665711127]",0
361,52413,21.036875462590036,52.33688648000677,201,21.03456110041452,52.336913899956585,"[5.1136455409644, 21.820005836182563, 20.044539806585917, 20.394797730952508, 18.938257054815082]",0
362,52506,21.040703622178874,52.3324004593346,48,21.041327800038005,52.33170279994431,"[5.179849122350115, 21.886209417568278, 20.11074338797163, 20.461001312338222, 19.004460636200797]",0
363,52512,21.046993072084316,52.33272004705308,107,21.047463900438686,52.33333329959214,"[5.580772182023443, 22.025112375180758, 20.00431878184027, 20.599904269950702, 19.143363593813273]",0
364,52603,21.04137956548669,52.33351651141749,48,21.041327800038005,52.33170279994431,"[5.179849122350115, 21.886209417568278, 20.11074338797163, 20.461001312338222, 19.004460636200797]",0
365,52684,21.048192588953288,52.335586257330576,192,21.04740279959958,52.33433060007718,"[5.670606876224229, 22.13616468592634, 20.11537109258585, 20.710956580696283, 19.254415904558854]",0
366,52795,21.06468325633992,52.33739885022108,110,21.065030599882334,52.33333329959214,"[8.027257655865895, 21.09510203488053, 18.944849762588834, 19.689031276698064, 19.740169238774257]",0
367,52959,21.028233161404597,52.351445579926484,9342,21.027236099866172,52.35082500007377,"[6.555222536304951, 23.551075828993405, 21.78746673713772, 22.105416053390798, 20.625453665711127]",0
368,53327,20.94849339500908,52.331623307903584,68,20.947991700156877,52.33241390018139,"[7.021529338395059, 22.10268046542214, 21.979554920027798, 20.657020689819543, 18.846536026819443]",0
369,53651,20.972681397145767,52.35506954079274,151,20.973152800161643,52.356000000399774,"[7.016534436750893, 23.80654550427808, 23.663458708893977, 22.360885728675484, 20.550401065675384]",0
370,53718,20.97517469443367,52.34755339340266,9308,20.97493610002107,52.347319399570665,"[5.991593271484979, 22.781604339012166, 22.638517543628062, 21.33594456340957, 19.52545990040947]",0
371,53779,20.949984292195165,52.349100352857235,9319,20.94797780023532,52.34769720026566,"[7.26246582877165, 22.77135477793445, 22.64822923254011, 21.325695002331855, 19.515210339331755]",0
372,53908,20.978059325552067,52.32162658442961,9056,20.97803889957561,52.321372200366795,"[3.89216686463651, 19.574063415237294, 19.450937869842953, 18.128403639634698, 16.317918976634605]",0
373,54176,20.97591892856576,52.34099241655549,9259,20.975777799805655,52.341600000040046,"[5.525763501295931, 22.483468629313695, 22.172687773439012, 21.0378088537111, 19.227324190711]",0
374,54386,20.98212479095246,52.34442907958678,9278,20.982455599646244,52.34348330001433,"[4.971135361503237, 21.966988654191695, 21.618059633646318, 20.52132887858909, 19.041366490909418]",0
375,54593,20.999065443611986,52.34459334378664,9270,20.99880559999849,52.345749999862676,"[5.455691838310065, 22.45154513099853, 22.102616110453152, 21.005885355395925, 19.52592296771625]",0
376,54695,20.99714470069844,52.33705409920052,135,20.998172200286888,52.33688329962462,"[4.949282640648976, 21.945135933337436, 21.59620691279206, 20.499476157734833, 19.01951377005516]",0
377,54749,21.00358852008573,52.33592078154157,196,21.003569399708056,52.33633059967747,"[5.394951970683277, 22.39080526337174, 21.362521374888008, 20.945145487769135, 19.46518310008946]",0
378,54879,20.98932652619525,52.33308890089682,94,20.989341699559816,52.33333329959214,"[3.732561352719853, 20.728414645408314, 20.379485624862937, 19.28275486980571, 17.802792482126037]",0
379,54911,20.990387289943264,52.33342830372872,74,20.990400000159923,52.332919400110256,"[3.836860051051877, 20.832713343740338, 20.48378432319496, 19.387053568137734, 17.90709118045806]",0
380,54973,20.98960734793481,52.3300185938747,49,20.989216700090708,52.32915830041526,"[3.184639683932592, 20.18049297662105, 19.831563956075673, 18.734833201018446, 17.254870813338773]",0
381,55091,21.002100803514566,52.330164346953474,9196,21.00401939977553,52.32925280027655,"[4.295884098533274, 21.29173739122173, 20.942808370676353, 19.846077615619127, 18.366115227939453]",0
382,55174,21.002551174298997,52.324949702563316,9121,21.002263899759214,52.32478060034447,"[3.2493259455174255, 20.245179238205882, 19.896250217660505, 18.79951946260328, 17.319557074923605]",0
383,55324,20.980517383505674,52.30814608295268,8846,20.982250000237343,52.3088749999813,"[2.7673333492494847, 17.825110209055307, 17.701984663660966, 16.37945043345271, 14.568965770452614]",0
384,55573,21.04298467658128,52.30835767773424,8836,21.043055600035984,52.30794440041382,"[4.294252020475389, 19.23115233393602, 17.455686304339373, 17.805944228705965, 16.349403552568536]",0
385,55955,20.94665495571621,52.34406917068404,242,20.949047200268126,52.346419400335094,"[7.1026923362344, 22.6115812853972, 22.48845574000286, 21.165921509794604, 19.355436846794504]",0
386,56228,20.97183488893185,52.28375781299317,8222,20.971330600127146,52.28402499975397,"[4.968386967803422, 15.466716834195612, 17.181789132785603, 12.760433052826894, 10.101161267849216]",0
387,56363,20.970712380484667,52.28026782993101,8043,20.971155600150894,52.279980600124645,"[4.809549811888417, 15.208577008953913, 16.923649307543904, 12.18312237085939, 10.05235078668178]",0
388,56534,20.945832689944698,52.281830737764416,8158,20.94524999998754,52.2826222003543,"[6.970860518796286, 16.685835049685437, 18.400907348275435, 13.438970298073528, 8.265800125897185]",0
389,56566,20.948339159874244,52.2805545501305,8006,20.948736099591372,52.279152800261556,"[6.665075336352398, 16.28922115793357, 18.004293456523566, 13.042356406321659, 8.299675854418695]",0
390,56593,20.94524975822527,52.28092640326987,8056,20.944269399912912,52.28035830009554,"[6.998138452954395, 16.622284274535566, 18.33735657312556, 13.375419522923655, 8.081439740917501]",0
391,56606,20.94703771141738,52.2813917847816,8171,20.947222199744772,52.28277780015543,"[6.779522877609292, 16.494497408498443, 18.20956970708844, 13.247632656886532, 8.417729921458506]",0
392,56684,20.952779264581572,52.2840419583005,8207,20.952297199955865,52.28365830029037,"[6.484048006620602, 16.477160903721355, 18.19223320231135, 13.230296152109439, 8.813787083028371]",0
393,56957,20.955682014968037,52.281059448707545,8131,20.95606389972926,52.28205830025041,"[6.052279622908156, 16.045392520008907, 17.7604648185989, 12.798527768396992, 9.064007067642242]",0
394,57087,20.93813784289935,52.30738210820316,8837,20.93841389968179,52.30824720034809,"[8.081953888023964, 19.112729251365256, 20.770110643207047, 16.189962365441623, 11.815505068471289]",0
395,57267,20.94100858556614,52.322709325601124,9037,20.94184720008826,52.32088060035949,"[6.276479318616911, 21.334256178422745, 21.211130633028404, 19.88859640282015, 18.078111739820052]",0
396,57284,20.946983154206347,52.33875072110237,238,20.946511100407008,52.339616699950795,"[7.355186184468807, 22.617579894781983, 22.49445434938764, 21.171920119179386, 19.361435456179287]",0
397,57308,20.948357202922654,52.33734435939649,238,20.946511100407008,52.339616699950795,"[7.355186184468807, 22.617579894781983, 22.49445434938764, 21.171920119179386, 19.361435456179287]",0
398,57813,21.11003848683069,52.243489635805815,6097,21.109913899806656,52.243827799913106,"[11.744174839582664, 8.66166389719021, 5.270044177357409, 11.387564432801526, 14.851307915187387]",2
399,57898,21.1137647761049,52.242814008755175,5988,21.11350000042472,52.242294400066555,"[12.08360977421004, 9.041473891027076, 5.13842324551454, 11.767374426638392, 15.231117909024256]",2
400,57934,21.060775155924222,52.22682863474184,5041,21.06008329980449,52.22781939984549,"[9.934358533145138, 7.707784536890775, 8.409629615827983, 7.275650766133401, 11.31665136782165]",3
401,58202,21.088617697034593,52.16036890287046,1132,21.089427799553334,52.16000279958956,"[18.554502080867564, 4.1582824253850195, 14.98400540229847, 5.630126812924791, 16.256689628942954]",1
402,58787,21.12984921000319,52.15704030454213,1034,21.12862219955491,52.15672779964831,"[21.951142292376154, 5.251693848246624, 16.347988865071432, 9.031994297429394, 19.65855711344756]",1
403,59122,21.10425179862609,52.130041690802436,539,21.103658300190432,52.127730600087204,"[22.333318442646167, 8.083979858178049, 18.909702835091508, 9.318514503759507, 19.945077319777674]",1
404,59125,21.102395347749457,52.13116212308856,539,21.103658300190432,52.127730600087204,"[22.333318442646167, 8.083979858178049, 18.909702835091508, 9.318514503759507, 19.945077319777674]",1
405,59256,21.0999365228256,52.10894129365826,264,21.09986669998824,52.10846389958937,"[0, 0, 0, 0, 0]",0
406,59293,21.107356947004977,52.13470866210163,571,21.107063899679304,52.130477799610844,"[22.770155481907217, 8.520816897439095, 19.34653987435255, 9.755351543020554, 20.38191435903872]",1
407,59461,21.060674380398776,52.15216217277939,904,21.06119720009076,52.152383299849475,"[19.334285579437697, 6.020730329219825, 16.597058902694645, 4.918673216053398, 15.126983956735344]",3
408,59526,21.034422228727017,52.16445147623139,1297,21.03579170032674,52.164716700415454,"[17.668674338793295, 6.8697690157397355, 14.93144766205024, 2.951761428557918, 12.688312477465875]",3
409,59721,21.06042662791425,52.154273403627975,987,21.060488900342534,52.1555416999895,"[18.946676488766514, 5.633121238548641, 16.20944981202346, 4.650575898870272, 15.277138714888432]",3
410,59881,21.05885114202106,52.158105345621365,1077,21.058697199915912,52.158047200418025,"[19.253256302437038, 5.93970105221916, 16.516029625693978, 4.957155712540791, 15.583718528558949]",3
411,59911,21.060010179558347,52.15635754755371,987,21.060488900342534,52.1555416999895,"[18.946676488766514, 5.633121238548641, 16.20944981202346, 4.650575898870272, 15.277138714888432]",3
412,60423,21.033562416815368,52.19481142028047,3041,21.03200279988937,52.19520829982321,"[14.01257134833344, 5.659007931674835, 12.68068978361431, 2.2659389002800023, 11.51079006608307]",3
413,60590,21.07008436375439,52.21452442054453,4329,21.068297200155712,52.215088900032754,"[13.79991797761078, 4.307143438154008, 9.503239660373316, 6.612530150446551, 12.688502357952679]",1
414,61029,21.030398122108522,52.14966935896351,833,21.03121939955571,52.1485249996291,"[19.675899516709777, 8.647997913947162, 17.13443845593662, 4.358818536525012, 13.989168097869117]",3
415,61067,21.02861280489074,52.149248984444206,847,21.028394399681872,52.14915280016163,"[19.961671225034316, 8.933769622271704, 17.420210164261164, 4.644590244849554, 14.274939806193657]",3
416,61097,21.022774482404976,52.1525729754873,889,21.022694400326372,52.151669400022854,"[19.834409246350567, 10.282886347362082, 18.402816130259765, 4.5173282661658, 14.147677827509904]",3
417,61705,21.016369819213814,52.12544664508778,382,21.016202799719508,52.12541939998539,"[21.665226208498275, 11.72923469128945, 20.233633092407473, 6.348145228313514, 15.978494789657617]",3
418,61904,21.161602567203154,52.255397809256664,6890,21.160491699732233,52.25527780003051,"[14.858868376964496, 12.59847920117731, 5.528536802971495, 15.324379736788625, 19.273056970691325]",2
419,61991,20.982324831060513,52.263595201288645,7323,20.98253890025012,52.263433300206714,"[6.321325119237795, 13.290139959907835, 15.005212258497824, 10.138499415355252, 8.566602163229021]",0
420,62113,21.112898500840505,52.150401443373376,910,21.112038899775428,52.15249719988594,"[20.77889817455592, 5.3390450466684065, 16.435340063493214, 7.854522906613142, 18.481085722631306]",1
421,62145,21.05402282436778,52.150174614134684,856,21.0515889000078,52.15026110036956,"[19.867140874769063, 7.2454374022119, 17.129914198026007, 5.044020490159779, 14.674370051503884]",3
422,62234,21.171587642809996,52.252740853680656,6723,21.17191110041699,52.25232779978819,"[15.717311841892908, 13.456922666105728, 5.044175691550316, 16.182823201717042, 20.131500435619742]",2
423,62261,21.135773958366123,52.24280551953456,5932,21.135575000385984,52.24165280033651,"[13.916789678051469, 10.154139227085444, 3.8497956494685375, 12.880039762696759, 16.82871699659946]",2
424,62264,21.136054089153838,52.24280398065864,5932,21.135575000385984,52.24165280033651,"[13.916789678051469, 10.154139227085444, 3.8497956494685375, 12.880039762696759, 16.82871699659946]",2
425,62803,21.0432152989642,52.248195417611726,6352,21.043388899578076,52.24786939995289,"[7.438998961239411, 9.690364081551088, 9.55360253437433, 9.009786480619141, 10.31666771363636]",0
426,62840,20.912714485976892,52.24749477008877,6265,20.91173329975203,52.2465777999256,"[10.839774544644396, 16.823518244886504, 19.882962187603056, 13.007638911517873, 3.378528803042252]",4
427,63046,21.093320455379224,52.262227353923954,7274,21.093144399894186,52.262555599661255,"[9.320992060514259, 12.307354908298256, 10.129359398363428, 13.490976912352615, 14.375412424797002]",0
428,63594,20.97035396052863,52.22226324953099,4817,20.969363899724215,52.223386100088476,"[11.486505162299329, 11.475829051072308, 15.245499161309347, 7.879893859149674, 4.714046453635022]",4
429,63613,20.97332743396901,52.22420262003694,5015,20.972341699809647,52.227172200037046,"[10.994286320240022, 11.533574004619208, 15.157465029274727, 7.937638812696571, 4.710482739726688]",4
430,63825,20.896017337021256,52.21055008263326,4072,20.896580600114646,52.21103059958256,"[15.656695630471804, 16.78892583218236, 21.005239862270553, 10.000108173658836, 2.671428581429926]",4
431,63944,20.94699213509129,52.19173796916652,2853,20.94610830035782,52.192583300179194,"[16.11655586257617, 12.139631046635545, 18.162711911242017, 5.350813388112014, 5.275749427906149]",4
432,64052,20.910281230018633,52.19411011122106,3084,20.910875000281067,52.19597499974651,"[16.41873855501298, 14.963735305092445, 20.331014023824583, 8.174917646568916, 3.440384897323927]",4
433,64053,20.867431270329707,52.18304329007178,2439,20.86934746211574,52.18256360432696,"[19.801835454316013, 18.71796253824111, 24.08524125697325, 11.929144879717578, 6.816568405274136]",4
434,64455,20.94682174011753,52.20167759805796,3496,20.947219400155234,52.20110830030785,"[14.470160823492549, 12.172523696015777, 17.229891593644496, 6.91370727903885, 6.463115767860116]",4
435,64594,21.168541329677556,52.19544398528904,3044,21.168683299594647,52.19522219974476,"[18.912197311717904, 11.581268977296752, 6.012594558915723, 14.307169512908068, 21.018445243177126]",2
436,64700,21.161728968975027,52.17077658145116,1564,21.160488900142695,52.170127799758234,"[20.115239615084512, 11.814028800523083, 8.759284717753548, 14.539929336134396, 21.251205066403458]",2
437,64775,20.952424344402846,52.32668881057035,9193,20.953180600404437,52.32727219995212,"[6.184122441155682, 21.26527356818276, 21.142148022788422, 19.819613792580167, 18.009129129580064]",0
438,65124,20.90373677232079,52.298694300674114,8638,20.902824999574136,52.29876389973424,"[10.777464188697849, 20.835213777891283, 22.55028607648128, 17.58834902627938, 11.559672584671203]",0
439,65766,20.990606815038152,52.1758993992145,1916,20.99229439956696,52.176800000419746,"[17.023586555242154, 8.918390390028922, 16.320346332882682, 2.1295727315053865, 9.218182606049538]",3
440,65831,21.038010918534862,52.18877798033175,2584,21.03713329996185,52.18822500028358,"[14.993529668297036, 5.209564408164087, 12.611520351017843, 2.4888476286479024, 12.591831415518925]",3
441,65922,21.03100129650497,52.286769521700194,8383,21.03074170036922,52.28834440037383,"[2.7616672741586945, 15.655824502112166, 14.290200288522561, 14.249753743929698, 14.30089170600589]",0
442,66009,20.984324078910056,52.27060211839087,7610,20.98392219964984,52.27026669984838,"[5.332966695822771, 13.618588817389975, 15.333661115979965, 11.051905904725817, 9.523663556154435]",0
443,66093,20.960087362681914,52.24759954141612,6296,20.96118609995858,52.24694439956443,"[8.9337466646439, 13.28778195974899, 16.31950750758777, 9.691846767826354, 5.720608799174766]",4
444,66251,20.987076098035423,52.24617328653861,6177,20.986097200125755,52.245202800368986,"[8.624046442592077, 11.793970668452427, 14.260762476968148, 8.198035476529794, 6.695201795173055]",4
445,66409,20.942159220723678,52.234144317181965,5322,20.94127219965236,52.23321390040121,"[11.076794792926114, 14.013832784755374, 17.586835311793692, 9.856887784430572, 3.299837307582072]",4
446,66462,21.05205307515764,52.28993564092079,8491,21.052255599816135,52.29223330002685,"[3.865348984641742, 15.716906031368264, 13.56665375907657, 14.310835273185797, 14.361973235261988]",0
447,66504,20.979171716937927,52.16590594277257,1384,20.977927800028,52.16666670040797,"[17.48578513397709, 11.555699479746737, 18.843265911630766, 4.766881821223203, 9.661131067035736]",3
448,66552,20.886096142046984,52.20982586082539,4030,20.888136100101008,52.21003329999684,"[16.491202816331295, 17.32113068188981, 21.635024520938547, 10.532313023366276, 3.505935767289417]",4
449,66819,21.020050892125038,52.23620309815191,5485,21.02034170010944,52.23595830033537,"[9.075204890407798, 8.971924212875484, 11.502020823788397, 6.720711343645305, 8.105233498581299]",3
450,66841,21.022200358793302,52.23344059523929,5272,21.022833299717036,52.232183299819496,"[9.660340817022684, 8.47367830646732, 11.178438027070579, 6.276310835688585, 8.48709165029226]",3
451,66906,21.0204238932624,52.222177315494626,4698,21.02068059972993,52.22159169989709,"[10.744924187339773, 7.522912898250491, 11.395569817876115, 5.079767248725958, 8.475875949772878]",3
452,67100,21.01742888348974,52.279574698058326,8084,21.01410559959379,52.28091109986741,"[3.5824805979076104, 14.29039347896012, 14.167267933565777, 12.844733703357518, 12.435749508657944]",0
453,67198,20.89634338330504,52.25920683358251,7135,20.89594999999258,52.26002500005376,"[11.736956801109026, 18.26230386181936, 21.294029409658144, 14.604590010321207, 5.434488568650199]",4
454,67258,20.916183691550174,52.2437424558044,5923,20.917613900061497,52.24406940008282,"[11.151934905195327, 16.220620450635998, 19.28472117882228, 12.504322417335988, 3.3883962132513403]",4
455,67306,20.95881566217398,52.2092387524828,3974,20.95822219979476,52.2098111000023,"[13.657683559583097, 12.203754105152669, 16.629325906854998, 7.065299399163458, 6.046827137645082]",4
456,67496,21.14407588871309,52.22645225002935,4947,21.14362779978319,52.22606110023963,"[14.647957086926485, 9.122827674031052, 2.342045391734916, 11.848728209642372, 17.53064621523433]",2
457,67538,21.222450276008335,52.160524035287324,1138,21.223227800422706,52.16015559980116,"[24.325868063871347, 16.94850077988617, 9.141637929434635, 19.674401315497473, 26.385677045766535]",2
458,67701,21.0688394123045,52.3105040368747,8754,21.066858300170452,52.30502220001455,"[5.161313765104645, 17.65076024895931, 15.500507976667613, 16.24468949077684, 16.295827452853032]",0
459,67863,20.93281782101507,52.291190480500624,8482,20.932016700010763,52.292047199718525,"[8.424605860033225, 18.139580390922372, 19.85465268951237, 14.892715639310465, 9.594170089803816]",0
460,67867,20.92531192425497,52.29155468075292,8466,20.924758299655878,52.29123610026585,"[8.723230842230114, 18.43820537311926, 20.153277671709258, 15.191340621507356, 9.774245408297572]",0
461,67911,20.95517250590115,52.28320237012603,8177,20.955286100373257,52.282911100367016,"[6.161010155574385, 16.154123052675136, 17.86919535126513, 12.907258301063221, 9.005035865724027]",0
462,67955,20.94011754059473,52.292579292789725,8547,20.938586100068505,52.295061100389546,"[7.7765134693691245, 18.118451666947774, 19.833523965537772, 14.871586915335866, 9.970744428588835]",0
463,68058,21.114966826418744,52.252876233352275,6834,21.112480599999742,52.25402500035352,"[10.841337631472749, 9.780910057774523, 6.801625143733721, 12.50681059338584, 15.677159754752406]",2
464,68102,21.09097803054183,52.23865023596952,5607,21.090797199930876,52.23768889992283,"[10.96785582073561, 7.692332117620101, 6.241320824819611, 9.80382566877591, 13.606154609600678]",2
465,68374,21.076485914292366,52.16269608261539,1409,21.079538900200134,52.16666670040797,"[18.359567049360066, 4.149180729373764, 14.96804239886466, 4.484562180838751, 15.11112499685691]",1
466,68579,21.013476363772757,52.199239893660014,3259,21.012113899836663,52.19911940014026,"[13.694773476157408, 7.232070269336134, 13.869666476200171, 2.3876169836403878, 9.482929719694352]",3
467,68586,21.02257473707956,52.20836122614671,3872,21.021772200426767,52.20824440005907,"[12.249735204486871, 6.974525239313764, 12.312648868980165, 3.372631512981221, 9.431283240130723]",3
468,68656,21.01971272632658,52.19814742139077,3171,21.01884170018434,52.19755559961129,"[13.729247755168903, 6.916531717071985, 13.69039141800918, 2.2140901572786587, 10.106337506853542]",3
469,68667,21.01932335684986,52.20165318371602,3450,21.020255599916027,52.20229439996666,"[13.08171694728142, 6.792445040584119, 13.113811540271458, 2.9264435069174475, 9.869116922624833]",3
470,68832,21.02854381779927,52.15942799453765,1153,21.02832780038773,52.1604500000675,"[18.179322690351405, 7.569781376332801, 15.631460022643308, 2.862241710166639, 12.492591271510745]",3
471,68888,21.23081227565771,52.259040232994145,7041,21.230055599985974,52.25825279962703,"[19.824098634788605, 17.91518620583335, 8.75608780383415, 20.641086741444663, 24.589763975347363]",2
472,68962,21.042965834983637,52.20928274137589,3964,21.042172199587412,52.209638899615584,"[12.430115939820796, 5.537330529645772, 11.100226903411707, 4.431552603682414, 10.933979833024072]",3
473,69057,21.01188856710769,52.225881054538,4935,21.011619400415043,52.225672200112,"[10.56022106015321, 8.500723231684745, 12.228215367311016, 5.553686905315373, 7.906336576562689]",3
474,69086,20.902162666801196,52.26259467518705,7307,20.901813899891636,52.26318059970498,"[12.089694213906416, 18.61504127461675, 21.646766822455536, 14.957327423118596, 5.896572166546373]",4
475,69100,20.980029011199093,52.20981615104112,4032,20.980355599931045,52.21059999969026,"[12.726332145353485, 10.136717916614112, 14.392919994099454, 5.477088031178489, 6.322577841909306]",3
476,69193,21.080427754577578,52.25335757986485,6740,21.079902800074194,52.25266110022966,"[9.780330330726585, 9.953196535507145, 7.815204652503379, 11.136818539561503, 13.003676306594208]",2
477,69335,21.02814075694485,52.25038434230973,6511,21.028313899566854,52.24984440019898,"[7.226185787651973, 10.306100071270212, 10.7707428792446, 9.269115322679172, 9.320253284755363]",0
478,69602,21.01164245898637,52.30319133394674,8723,21.009450000017523,52.30341390013143,"[0, 17.068026493070697, 16.646924272143075, 15.622366717468095, 14.165826041330666]",0
479,69823,20.951905935084774,52.35882167724426,9200,20.953730599687503,52.35868059972995,"[8.1393723144858, 24.470615686940928, 24.347490141546587, 23.02495591133833, 21.21447124833823]",0
480,69850,21.05514469664283,52.34825909396496,9309,21.05531940027015,52.34638610023836,"[7.812408509282241, 23.008845299402285, 20.85859302711059, 21.60277454121982, 21.396217537616867]",0
481,69969,21.0456666707032,52.3145640364884,8946,21.047219399955395,52.31488059975993,"[5.258968112873669, 20.195868426334304, 18.420402396737657, 18.77066032110425, 17.31411964496682]",0
482,70478,21.198413599774117,52.18774329021913,2429,21.198227799573317,52.185527800367765,"[20.846579132603786, 14.109730381082068, 5.662348998167071, 16.835630916693386, 23.546906646962434]",2
483,70504,20.866135226221132,52.20597405311887,3698,20.86608060013964,52.20566940002283,"[19.048175568313347, 19.06960743336103, 23.663754444861496, 12.28078977483749, 6.062908519271467]",4
484,70736,20.882843025558696,52.19659152363232,3113,20.882813899641803,52.19641669997077,"[17.729404414255782, 17.328591050834277, 22.344983290803924, 10.539773392310744, 4.7441373652139]",4
485,70840,21.004802111095668,52.15549102505233,300,21.005624999893882,52.15506940033259,"[18.936999493099222, 9.630058686704464, 17.505406377008416, 3.6122651392727643, 12.741067527381517]",3
486,71009,21.015383483243912,52.22886968814986,5136,21.016891700191877,52.229766700073185,"[9.88833865461042, 8.519522736065447, 11.771510910430683, 5.925124764620476, 8.142658113890949]",3
487,71235,21.026725437437577,52.25088603961742,6637,21.02695560042065,52.251080600189596,"[7.392096597102407, 10.472010880720646, 10.936653688695033, 9.435026132129606, 9.486164094205797]",0
488,71239,21.029777639713824,52.24887235075901,6449,21.028988900117724,52.24922779982313,"[7.143526534167815, 10.223440817786054, 10.688083625760441, 9.186456069195014, 9.237594031271206]",0
489,71560,20.98646547944115,52.21591077226651,4399,20.9858638997992,52.21619169998701,"[11.988435634376774, 9.72343727725629, 13.719335346806353, 5.674068369910673, 6.694809835291479]",3
490,71953,21.156777879243787,52.26103847887533,7250,21.155513900046515,52.261041699814655,"[14.68854188741753, 13.609063937811406, 6.539121539605592, 16.334964473422723, 19.524364010697184]",2
491,71957,21.165956004832335,52.260885097649954,7194,21.16593329958215,52.26100000004999,"[15.03854689201356, 13.319424285367067, 6.2494818871612505, 16.045324820978383, 19.87436901529321]",2
492,72135,21.161793218783817,52.25755845320018,6986,21.16086669993831,52.25731390021639,"[14.691749651322523, 12.782837222367275, 5.712894824161461, 15.50873775797859, 19.457414991881294]",2
493,72413,21.173388221851052,52.24922164088462,6563,21.172597200400503,52.249147199883396,"[16.057716232005312, 13.79732705621813, 5.103728608006934, 16.523227591829443, 20.47190482573215]",2
494,72427,21.171552552232576,52.24876991855674,6465,21.170997200360546,52.249352800191616,"[15.96698046398086, 13.55463239059073, 4.707252589300017, 16.280532926202042, 20.239258345797932]",2
495,72450,21.173405605870226,52.2482378987516,6398,21.172255600115875,52.24804439992914,"[16.177429423474848, 13.578588698096551, 4.73120889680584, 16.304489233707866, 20.372575964923595]",2
496,72533,21.131051955574762,52.24579411722102,6189,21.13165279973697,52.24542219987467,"[13.299379899331315, 10.772078232030449, 4.467734654413545, 13.497978767641763, 17.44665600154447]",2
497,72922,21.01402044648843,52.2722632084797,7751,21.014433299956863,52.2732999997952,"[0, 0, 0, 0, 0]",0
498,73004,21.052274651549062,52.25485130345742,6804,21.05256390000403,52.25355279962207,"[7.689240729820861, 11.86377082948175, 11.362429315529434, 11.119834290008722, 11.170972252084914]",0
499,73165,20.942165286675472,52.25414893671407,6869,20.943425000363504,52.25396390041374,"[9.075558343459765, 16.234139389076542, 19.21565614590649, 12.622526869813115, 6.257908996690606]",4
