,db_index_budynki,coordsY_budynki,coordsX_budynki,db_index,coordsY,coordsX,distances,klasyfikacja
0,186,21.02499107309441,52.268094730514086,7472,21.026363899574335,52.266966699653494,"[4.820021416547696, 13.322138599686904, 13.503003911838361, 3.774039138629036, 10.529687172042836, 11.540475587435163, 17.36038008467685]",3
1,250,21.006458460820355,52.31614598957712,8992,21.005688900322525,52.31538060033449,"[8.101035717834876, 18.2544698598376, 18.873912492373446, 9.904202924336683, 5.5877970754551916, 6.2241504631117595, 23.78702373087052]",4
2,316,20.959221375156886,52.25656975267638,7152,20.9577889001377,52.258155600000975,"[9.326726814927307, 17.42718786893514, 10.615108724515414, 2.5049547256181235, 13.138945457429218, 13.201239519764849, 17.191173707300393]",3
3,565,20.976362738066562,52.21929092061788,4514,20.977761099894906,52.218905600313235,"[10.161577551215764, 15.26059913574116, 6.363601487398291, 4.61711302939415, 17.784972424279584, 17.84726648661521, 12.27977142537511]",3
4,572,20.99702420603972,52.22563153533965,4925,20.99658329967957,52.225327800237835,"[8.638712206642111, 13.886936800103317, 7.868842150823568, 3.227608816447464, 16.548681780635786, 16.610975842971413, 11.986808741617347]",3
5,628,21.020133407855326,52.14212696062877,703,21.02142779965328,52.14129719960613,"[17.601937025361643, 20.41312370355475, 12.162414426615506, 12.889428836403702, 25.74517502059238, 26.137991358248453, 3.359951843138707]",6
6,693,21.15516174537044,52.25925587128547,7101,21.155261099720008,52.25944440043878,"[8.545590248823899, 2.194522306292178, 20.621847270152653, 13.42075875584571, 18.221463096146604, 21.341467317530544, 20.482551144730675]",1
7,715,21.140912539127395,52.24409015955781,6212,21.140855600005978,52.24583060000225,"[8.779833025677116, 2.7680216218802256, 18.79824154631317, 12.227207816866018, 18.45570587299982, 21.00060787428386, 18.17987055366016]",1
8,1642,21.077051542778353,52.17533270023355,1864,21.076791699777175,52.17591669979589,"[14.00869785493648, 14.982884875053792, 13.325577015713984, 11.217426866298286, 22.305419914525263, 22.698236252181324, 6.461572107367422]",6
9,1706,21.060285601409166,52.14000019826796,728,21.060958299685808,52.14080280000928,"[18.476765293845954, 20.135802475744843, 13.684200786865846, 14.411215196654041, 26.773487353434728, 27.1663036910908, 1.1694723600971821]",6
10,1732,21.02376676655964,52.13857400202236,670,21.024483300264137,52.13793889996032,"[18.140082015352053, 20.95126869354515, 12.70055941660591, 13.42757382639411, 26.283320010582788, 26.67613634823886, 3.898096833129112]",6
11,1778,21.01680921902794,52.12200223338294,478,21.018261099670042,52.12167499980143,"[19.58169830750894, 22.392884985702043, 14.142175708762805, 14.869190118551, 27.724936302739675, 28.117752640395747, 3.8641652457129974]",6
12,1781,21.010076689702654,52.11028150268215,395,21.009447200427985,52.11048609985369,"[21.363006732750588, 24.174193410943698, 15.923484134004456, 16.650498543792654, 29.50624472798133, 29.8990610656374, 5.6454736709546465]",6
13,2011,21.132917506124684,52.15306307866179,704,21.131736100340788,52.152702800194106,"[18.960668728162744, 18.718543529154747, 18.033540803341488, 16.927683468707865, 28.222155157406302, 28.614971495062374, 9.20421595954343]",6
14,2097,21.027086373696033,52.11474307542656,423,21.03160829968334,52.11325559986608,"[21.291537801714817, 24.10272447990793, 15.852015202968685, 16.579029612756884, 29.434775796945555, 29.827592134601627, 5.574004739918877]",6
15,2127,21.101943849279763,52.11470835341387,474,21.098847199738543,52.11694440036382,"[21.181786841509105, 22.15443509259639, 17.911659616784412, 18.08838126845955, 29.478508901097893, 29.871325238753965, 4.673772830511698]",6
16,2231,21.159555478882588,52.2586034144708,7060,21.16091110036706,52.25867220026191,"[8.954607722145866, 1.9937712432639094, 20.90017107435542, 13.82977622916768, 18.63048056946857, 21.750484790852518, 20.281800081702407]",1
17,2283,21.17131814018653,52.28411346842821,8258,21.172188900097694,52.28574170031925,"[0, 0, 0, 0, 0, 0, 0]",0
18,2305,21.170649531073867,52.28183839125797,8080,21.170244400358854,52.280849999927625,"[0, 0, 0, 0, 0, 0, 0]",0
19,2445,21.171243695420582,52.26929412420893,7564,21.170319400220194,52.26916670038298,"[10.188686780180348, 3.4025977395752784, 22.264943801509105, 15.063855287202161, 19.864559627503052, 22.984563848887, 21.690626578013777]",1
20,2453,21.150119423997666,52.26411536865022,7400,21.14943609999608,52.26547499957161,"[8.81236927067999, 2.8402019033250965, 20.888626292008748, 13.687537777701804, 18.4882421180027, 21.608246339386636, 20.759185434591846]",1
21,2636,21.168425276531586,52.2695074764593,7532,21.16902780019285,52.26853610026086,"[9.929829974407436, 3.3639249334823744, 22.006086995736187, 14.804998481429251, 19.605702821730144, 22.72570704311409, 21.651953771920873]",1
22,2738,21.16538906350285,52.26776063960643,7401,21.165541699689754,52.2673027996845,"[9.568901969882326, 3.309829744035797, 21.64515899121108, 14.444070476904141, 19.24477481720503, 22.36477903858898, 21.515718133794177]",1
23,3116,21.06533531975962,52.28361661871157,8195,21.066449999867643,52.28339169986708,"[0.7793826576167521, 11.0817398884181, 16.49127435237807, 7.507448190211569, 9.456070879171723, 12.766507989989746, 19.735044304082752]",0
24,3137,21.066805204886773,52.283075846019145,8195,21.066449999867643,52.28339169986708,"[0.7793826576167521, 11.0817398884181, 16.49127435237807, 7.507448190211569, 9.456070879171723, 12.766507989989746, 19.735044304082752]",0
25,3208,21.067809973523698,52.28097880377158,8101,21.068144399944174,52.28131110032706,"[0.4955262746355531, 10.797883505436902, 16.20741796939687, 7.443497618262583, 9.709543166234084, 13.019980277052104, 19.451187921101553]",0
26,3282,21.071392635488372,52.26413503971668,7424,21.07068059963001,52.26406939968308,"[2.040972053589529, 9.590105897126751, 15.459683033091592, 7.329652019004798, 11.71684490091223, 14.91487272724685, 18.30229240452489]",0
27,3356,21.074301284296084,52.27763508626116,7982,21.074458299910646,52.278549999982545,"[0.9647410057262763, 10.55149228920057, 16.382173893126392, 8.025687406773036, 10.291732954744537, 13.602170065562559, 19.625943844831077]",0
28,3377,21.069559698062662,52.27697076847991,7921,21.06794439971435,52.27716109960511,"[0, 0, 0, 0, 0, 0, 0]",0
29,3443,21.03839847904239,52.273712771327205,7817,21.03911390028634,52.27494719985344,"[2.2367252987800605, 12.204473536444787, 15.007923923464991, 5.415173597718883, 9.752190550469042, 12.538142699655564, 18.365588922107595]",0
30,3504,21.075380756115226,52.26827056006803,7130,21.07555830027536,52.268808299863224,"[1.6168037284347259, 9.222566516041322, 15.757906947658553, 7.627875933571758, 11.292676575757426, 14.490704402092048, 18.526862336862926]",0
31,3639,21.0602660575779,52.27935748748194,7998,21.060350000052495,52.27898059987484,"[0.4166618571070464, 10.62106022677703, 15.975138463005557, 6.866047333796153, 9.518840788790211, 12.716868615124833, 19.218908414710242]",0
32,3757,20.992728303573408,52.267998997202646,7503,20.99340000001007,52.26816389964432,"[7.073136921543722, 15.453351644357234, 12.236885622411224, 2.6978223006978097, 11.238643360027448, 11.300937422363079, 16.819652752050956]",3
33,3758,20.9861685628434,52.2679582590816,7513,20.986852799716985,52.26836110028461,"[7.249248292378307, 15.62946301519182, 12.046092600364437, 2.5367981205324623, 11.296659785187048, 11.358953847522676, 16.836394041508857]",3
34,4388,21.047137469133503,52.28883862325214,8442,21.04765559992603,52.29021939960569,"[2.575185191054505, 12.806642938007906, 17.03060731349554, 7.43785698774943, 7.863428643708818, 11.173865754526835, 20.38827231213814]",0
35,4429,20.93363855057466,52.22491302702029,4871,20.933747199773507,52.22443890043496,"[11.431219830559955, 18.311468190311867, 4.449256192997379, 5.430326120266131, 18.058600603356336, 18.120894665691967, 15.741989672985898]",2
36,4514,21.160693856891275,52.261745930174705,7253,21.160933300131774,52.26211939969062,"[8.974726596068155, 2.4949096755547315, 21.05098361739691, 13.849895103089967, 18.650599443390863, 21.770603664774807, 20.782938513993226]",1
37,4546,21.159162584311357,52.25306449184639,6778,21.15842219962485,52.2532333001767,"[9.41829955221171, 1.045728616032828, 20.520534552160573, 13.949500822713416, 19.09417239953442, 22.214176620918362, 19.90216355950756]",1
38,4857,20.960001503380226,52.18590361709773,2433,20.959508299568427,52.18558890030755,"[14.116412090812531, 18.575268329890466, 4.733092144115793, 8.571947568990915, 21.739806963876344, 21.802101026211982, 10.019195049361223]",2
39,4991,20.938860207475177,52.18074429804207,2121,20.939272200052017,52.18040000005999,"[15.433205744687982, 20.103516209549195, 4.5533514944164795, 9.888741222866365, 23.056600617751794, 23.118894680087426, 11.76731618143103]",2
40,5134,20.93722574608664,52.19687478129607,3101,20.93776669987335,52.196249999837676,"[14.195910864388598, 19.376187309627294, 2.6454406630264287, 8.387878296228793, 21.047474565947756, 21.109768628283394, 11.798451493535858]",2
41,5388,20.897958211722987,52.20657556838438,3765,20.89758060036445,52.20674170036921,"[15.080704787955463, 21.712328826995634, 3.0017175734528436, 9.079811077661642, 21.70808556075185, 21.770379623087486, 15.310939861629063]",2
42,5820,20.875686314522873,52.190204300842346,2675,20.875300000094967,52.18949439964689,"[18.050813597879028, 24.03442628419094, 2.8898239329893918, 12.049919887585204, 24.678194370675417, 24.740488433011052, 16.579652439140972]",2
43,5821,20.876225110373856,52.189856304905376,2745,20.876619399965364,52.190622199854715,"[17.896243238411508, 24.049568545131994, 2.7352535735218724, 11.895349528117684, 24.523624011207897, 24.58591807354353, 16.59479470008203]",2
44,5876,20.880573520504367,52.19032291904405,2758,20.880205600408203,52.19075280030154,"[17.744257664143994, 23.80973170521418, 2.583267999254358, 11.743363953850169, 24.371638436940383, 24.43393249927602, 16.354957860164216]",2
45,6114,20.870813144910084,52.18692762781702,2491,20.869805600148368,52.186474999621566,"[18.611271185523172, 24.522817304108326, 3.4321280644858083, 12.610377475229344, 25.238651958319554, 25.30094602065519, 17.068043459058362]",2
46,6303,20.886249066383215,52.18603832994238,2444,20.88693060026702,52.18604169996456,"[18.188673342566805, 23.495187945411107, 2.5615387917480286, 12.18777963227298, 24.81605411536319, 24.87834817769883, 16.040414100361144]",2
47,6316,20.885711300130286,52.18566891913199,2370,20.885225000033756,52.18478060044441,"[18.189075866184098, 23.75875724229306, 2.7995575416679452, 12.188182155890274, 24.816456638980487, 24.87875070131612, 16.303983397243094]",2
48,6443,20.887064501049984,52.1960376042996,3032,20.887183299869434,52.195061099690065,"[17.26513971978011, 23.088662205940647, 1.7743472343305249, 11.264246009486284, 23.892520492576498, 23.954814554912133, 15.633888360890682]",2
49,6483,20.987360960911296,52.25391555907035,6822,20.985700000154907,52.253897200395556,"[7.317461956344353, 15.057041581470818, 10.131370673317061, 0.443906062741093, 13.396425398810333, 13.458719461145966, 15.13012504442336]",3
50,6538,21.015940835390385,52.24517943910496,6171,21.01796670030302,52.245172200037075,"[5.372134279078786, 12.623832099707318, 10.939259735359249, 2.8092287212724547, 13.51537227430952, 13.908188611965587, 14.01342564949891]",3
51,6554,21.021375628867418,52.245307908431705,6113,21.02140829965333,52.24421109996234,"[5.504297693595702, 12.411731594830771, 10.879401595975821, 3.0652332439867873, 13.647535688826437, 14.040352026482504, 13.911219526289726]",3
52,6603,21.01448202628286,52.223639863051204,4885,21.01478889998782,52.22469169986209,"[8.313318602597567, 12.640068281733557, 9.186864552708908, 4.055342722608365, 16.385560205734826, 16.447854268070454, 11.502947139261067]",3
53,6929,21.023309498766793,52.25613935115732,6921,21.0239528000817,52.2558417001344,"[4.637274592256927, 12.08148905675073, 12.14810686905198, 3.989312883079444, 12.206084492125209, 12.648380441760102, 15.545360885114706]",3
54,6992,21.0213424945785,52.27740893379768,7938,21.023500000424747,52.27722500003375,"[4.034977429877651, 13.270950230960999, 15.587985393844008, 5.908924331355373, 9.032840988885875, 10.541534806123716, 18.9456503924866]",0
55,6993,21.020587117019108,52.27852758066425,7938,21.023500000424747,52.27722500003375,"[4.034977429877651, 13.270950230960999, 15.587985393844008, 5.908924331355373, 9.032840988885875, 10.541534806123716, 18.9456503924866]",0
56,7211,21.186097215658044,52.205488948283865,3636,21.186641699654785,52.20488060015964,"[13.75598939364373, 7.21379560643284, 23.01407485788902, 16.691762067665998, 23.431862240966428, 25.465162125083843, 21.254262239289208]",1
57,7431,21.167953794079338,52.18957785981529,2670,21.168361100384516,52.189147200183186,"[14.471892259776443, 9.30230285000003, 22.784287766740498, 17.401827683477073, 24.147765107099143, 26.181064991216555, 19.848706800143965]",1
58,7637,21.144035501939452,52.1866000341932,2413,21.144319400020322,52.1852611001197,"[14.13847127039181, 9.906720544383676, 20.314599083706717, 14.932139000443291, 23.81434411771451, 24.709077611089157, 17.379018117110185]",1
59,7752,21.14430940664379,52.188583108471725,2646,21.14121110021216,52.18904720006827,"[13.66338465106751, 9.431633925059378, 20.029585844609628, 14.647125761346196, 23.339257498390207, 24.424064371992063, 17.094004878013088]",1
60,7787,21.173325834478177,52.18554098546352,2402,21.172122200079514,52.18515830041531,"[14.921650446948359, 9.752061037171943, 22.918527944774148, 17.536067861510727, 24.597523294271067, 26.630823178388464, 19.982946978177612]",1
61,8456,21.23574466541492,52.25302463702958,6830,21.233980600224584,52.25403609978622,"[14.128169251398742, 5.544320963379611, 25.84487155270659, 19.003337758420546, 23.804042098721442, 26.924046320105397, 25.226500560053577]",1
62,8457,21.23745336347158,52.25069400458701,6577,21.239172200236908,52.250263899759204,"[14.987617740338305, 5.530024180132955, 25.938656691890408, 19.61634390166738, 24.663490587661013, 27.78349480904496, 25.301048040754452]",1
63,8569,21.253444336409327,52.25081976615853,6649,21.25431109977751,52.25128060041942,"[15.697704782987394, 6.728999469516415, 27.137631981273866, 20.57287329000921, 25.3735776303101, 28.493581851694046, 26.50002333013791]",1
64,8652,21.23215509157578,52.25076805800366,6576,21.232777800155418,52.250263899759204,"[14.541974094551307, 5.068535913778711, 25.477168425536167, 19.15485563531314, 24.21784694187401, 27.33785116325796, 24.83955977440021]",1
65,8815,20.941771396464517,52.350520125234034,9340,20.941083299754553,52.350736100290874,"[13.922575958076557, 24.076010100079287, 22.87796611376905, 13.90825654573229, 8.585414930785996, 2.1255084506946877, 28.121599627586566]",5
66,8971,21.03241670382995,52.35583183782142,174,21.03190000018492,52.35696109957513,"[11.103250935585615, 21.448599090686145, 23.909169835224017, 14.93946026718726, 1.4082264302231229, 7.992161298032687, 28.82228107372109]",4
67,8991,21.04040717006931,52.35894511818417,272,21.039786100348294,52.359141700129385,"[11.046642748345691, 21.391990903446224, 24.232705425587906, 15.262995857551147, 2.0124218254054713, 8.596356693215034, 29.05278771181298]",4
68,8999,21.04721396176055,52.360481612340855,9209,21.047436099696313,52.361738899930344,"[11.644645443334824, 21.98999359843536, 24.83070812057704, 15.860998552540279, 2.6104245203946035, 9.194359388204166, 29.650790406802113]",4
69,9126,20.96956654773265,52.35275308514335,9370,20.97042220032432,52.35290280002425,"[12.661144591407952, 22.814578733410677, 22.89765686546482, 13.927947297428062, 6.418008351591338, 1.215538565659442, 28.141290379282335]",5
70,9211,21.02312380770815,52.33696841558672,235,21.021749999762733,52.339083300354105,"[9.294301265502549, 19.52575901245595, 21.886801401889603, 12.917091833852846, 3.2648984135750183, 7.062827922361014, 26.799912640386676]",4
71,9252,20.969415904084588,52.28422334802002,8202,20.96912219972978,52.283533299921885,"[8.858022846503188, 17.916157904070513, 12.71438294362631, 4.089189634644778, 10.880302331795626, 10.942596394131256, 18.77540861632705]",3
72,9265,20.98042464479987,52.28224318972594,8228,20.981905600363234,52.28416109955515,"[0, 0, 0, 0, 0, 0, 0]",0
73,9622,20.883733820032894,52.301890462011514,8709,20.88268890017264,52.302469399743075,"[15.527911825446656, 24.28564166564302, 15.114644462220935, 10.05663540267806, 17.55019131073909, 17.612485373074723, 24.74285438436033]",3
74,9755,20.88377138722985,52.28589716724961,8252,20.88091940041005,52.28480280000929,"[15.067715358557114, 23.44793008137063, 14.276932877948543, 9.21892381840567, 17.283293957494223, 17.34558801982985, 23.90514280008794]",3
75,10088,20.955442447428773,52.221463186253025,4661,20.955072200221935,52.22087780007047,"[11.131922514860099, 17.676188709548523, 6.11295927038354, 5.131028804566277, 17.759303287656483, 17.821597349992114, 14.12574222260088]",3
76,10156,20.94509067387736,52.23425972874259,5341,20.944186100208412,52.23357220019693,"[10.919415981188166, 18.0391817044538, 6.071688506427466, 4.653050946751713, 16.925728221753204, 16.98802228408883, 15.469703187127834]",3
77,10316,20.948434507488468,52.18642480018147,2498,20.948802799609552,52.18662500024362,"[14.429323584796366, 19.099634049657578, 3.973393742062476, 8.88485906297475, 22.052718457860184, 22.115012520195815, 10.763434021539414]",2
78,10492,20.95016749895323,52.19309192896777,2845,20.9484222002244,52.192136099701315,"[14.078871404287739, 18.749181869148945, 3.3205986936694303, 8.534406882466122, 21.70226627735155, 21.76456033968719, 10.638605878224645]",2
79,10609,20.877392454870588,52.19050711228389,2745,20.876619399965364,52.190622199854715,"[17.896243238411508, 24.049568545131994, 2.7352535735218724, 11.895349528117684, 24.523624011207897, 24.58591807354353, 16.59479470008203]",2
80,10770,21.0113497096619,52.23236119513228,5295,21.010061100139694,52.232652799886864,"[7.370582435807344, 12.889850984354862, 9.206322100959273, 3.070564517041131, 15.40078200016759, 15.463076062503221, 12.487725344828299]",3
81,10887,21.02824723092492,52.25796638756132,7014,21.02749999962532,52.25783060030204,"[4.340444286710374, 11.784658751204176, 12.526571787271338, 3.8512057852291197, 11.591154407303842, 11.983970744959903, 15.88423678591393]",3
82,11280,20.949984696748643,52.19867411193842,3294,20.951083299554682,52.19973329985197,"[13.496349383746043, 18.166659848607242, 5.793853249723141, 7.951884861924426, 21.119744256809856, 21.182038319145494, 11.65696495108806]",2
83,11419,21.018871308734152,52.125739669327025,449,21.018141700279273,52.12593329958219,"[19.10780088878276, 21.91898756697586, 13.668278290036621, 14.395292699824815, 27.251038884013493, 27.643855221669565, 3.390267826986813]",6
84,11604,21.063030469469357,52.21142971026217,4160,21.063699999855146,52.2122417003942,"[10.55705748254317, 11.359495439620865, 12.690707596908585, 8.11958402505113, 18.85377954213195, 19.246595879788018, 10.606533723016248]",3
85,11622,21.026550866835812,52.281343330648035,8089,21.025647200158232,52.280924999788965,"[3.419611258237319, 13.29790007481365, 15.61493523769666, 5.935874175208026, 8.453311344899689, 9.962005162137531, 18.972600236339254]",0
86,11748,20.915621814963444,52.219306904798195,4540,20.91594440041382,52.2188360998062,"[12.854379442542612, 19.734627802294515, 3.0260965810147216, 6.853485732248789, 19.481760215338998, 19.544054277674633, 15.335318869190937]",2
87,11886,21.06307805775279,52.14600550377637,788,21.063380600234552,52.145238900255094,"[17.870471061381032, 19.529508243279924, 13.532496000465727, 13.852097812781846, 26.16719312096981, 26.56000945862588, 1.8869902453834622]",6
88,12037,21.16402560301245,52.25397638300246,6862,21.16403890017517,52.25446669967852,"[9.55167587574074, 1.147477190335795, 20.91690143021665, 14.345867700769498, 19.227548723063446, 22.34755294444739, 20.298530437563638]",1
89,12128,21.16726821347005,52.253240028766086,6755,21.16783890004524,52.25286940030264,"[9.85755411882408, 0.7543444670901088, 21.222779673299986, 14.651745943852836, 19.533426966146788, 22.653431187530728, 20.604408680646973]",1
90,12364,21.162775946600657,52.251414071709874,6622,21.162808300262896,52.250772200176925,"[9.824313911709188, 0.6397142565353506, 20.92654891165805, 14.355515182210894, 19.500186759031894, 22.62019098041584, 20.308177919005036]",1
91,12517,21.12431524650693,52.250682520626306,6620,21.12288890010268,52.250763900333766,"[6.818952776657622, 4.728901870899721, 18.895209797986382, 11.694121283679431, 16.494825623980326, 19.61482984536427, 18.765768940569476]",1
92,12587,21.131556519259437,52.25018184038412,6587,21.13095560032076,52.25034720036308,"[7.404531630200764, 4.219130485283603, 19.22776045889173, 12.279700137222575, 17.08040447752347, 20.20040869890741, 18.609389466238714]",1
93,12591,21.170246803643188,52.24944201833956,6465,21.170997200360546,52.249352800191616,"[10.396686343751162, 0.21521224216302723, 21.620001186317307, 15.048967456870153, 20.07255919107386, 23.192563412457808, 20.991582007971108]",1
94,12655,21.168755737814323,52.249041591481436,6475,21.16787220014197,52.24946939999285,"[10.312300116310583, 0.3435469718525599, 21.414535116259447, 14.84350138681229, 19.988172963633286, 23.10817718501723, 20.796164123606435]",1
95,12680,21.12805868459632,52.24953542616046,6477,21.12837219971732,52.249472199582385,"[7.291796588613563, 4.357396874199488, 19.366026847807618, 12.166965095635375, 16.967669435936266, 20.087673657320206, 18.7476558551546]",1
96,13292,20.858299126672037,52.198166196931396,3263,20.858561099615088,52.19918059990482,"[18.44819160005487, 24.691910792530944, 3.95749286985735, 12.447297889761046, 25.07557237285125, 25.13786643518689, 17.817033996417507]",2
97,13895,20.882258838967555,52.19181384006443,2815,20.88163059957259,52.1917721998272,"[17.48729323456598, 23.640618541286468, 2.326303569676343, 11.486399524272153, 24.114674007362364, 24.176968069698002, 16.1858446962365]",2
98,14053,20.916308287341636,52.22684094846485,4984,20.916002799689522,52.22675280030154,"[13.19961868273376, 20.117473036767525, 3.922646619366285, 6.933253648297305, 18.777636410199978, 18.839930472535617, 16.2318689075425]",2
99,14118,20.916354221581663,52.23254219310111,5254,20.91662500014371,52.23198610007853,"[12.669037124188641, 19.92073494481718, 4.592868242202224, 6.402672089752185, 18.247054851654863, 18.30934891399049, 16.902090530378437]",2
