,db_index_budynki,coordsY_budynki,coordsX_budynki,db_index,coordsY,coordsX,distances,klasyfikacja
0,91,20.971312762841468,52.18019864943449,2192,20.970830599552585,52.18171110008723,"[3.947598478227511, 20.82279398279292, 19.441359917218126, 15.398153814009069]",0
1,400,21.015836105944064,52.23585392015609,5436,21.015936100370766,52.23513890014016,"[5.804967718988637, 14.685192819758099, 12.406520947212067, 7.547664430127789]",0
2,488,21.037205820691643,52.22567100351644,4924,21.037055600335748,52.22531109982742,"[5.4187903198125245, 13.09581428309949, 13.7299132954443, 8.87105677836002]",0
3,928,20.990439713202846,52.26522899447754,7376,20.989994399621878,52.26478330040902,"[8.999980986393293, 17.389775071168298, 8.646119716519086, 7.64088025826955]",3
4,1059,21.00590484354078,52.300186342035666,8646,21.005872200141994,52.29915279986187,"[14.001407812542496, 19.085438737146667, 5.8644733728962395, 6.537900680196739]",2
5,1173,21.015161517707508,52.32306974197873,9053,21.016119400190235,52.3212111003121,"[17.388413695259043, 22.24664114471219, 5.460428224876556, 9.181679379193136]",2
6,1332,20.907166493451285,52.285961908327884,8333,20.90404719981848,52.28674169966973,"[14.699278355238702, 24.00678788994914, 12.722521833308399, 14.17759269015601]",2
7,1392,21.099247678572755,52.23509801744542,5457,21.099955599771135,52.23546940009277,"[9.840749860832855, 8.500881282489972, 15.213654809068423, 7.041631450357344]",3
8,1585,21.050806770719717,52.25021302901722,6493,21.049949999792716,52.24962499979398,"[8.77038913357983, 12.095064219609787, 11.158149165207872, 5.767592615207575]",3
9,2010,21.137705429860777,52.153800549995935,955,21.138069399583173,52.15414439994413,"[13.117220519605992, 20.253164335629858, 26.18630846187614, 19.73144537094998]",0
10,2083,21.01658523030657,52.107891776165275,256,21.018566700093174,52.10828330043404,"[10.558536103583522, 24.87708512367443, 26.63866893870679, 21.779812421622506]",0
11,2551,21.16756778229685,52.27130484769612,7646,21.16737219956741,52.27099439977178,"[17.107666477561487, 10.811300919854139, 20.590818233097426, 10.37920665509595]",3
12,2580,21.164111236338687,52.27070540848794,7676,21.16409440003656,52.271658299990634,"[17.139389092336064, 10.970415634838627, 20.522403355906672, 10.310791777905202]",3
13,2919,21.159850793805646,52.264929245308565,7366,21.15969440037634,52.26439440028139,"[16.228161447499936, 10.053186280790365, 19.611175711070544, 9.39956413306907]",3
14,2930,21.163841759530378,52.264783794874305,7387,21.164911099567632,52.26506389967926,"[16.369498024368088, 10.073132466660738, 19.956288543544684, 9.744676965543215]",3
15,3103,21.076605710445143,52.28351193208696,8215,21.075755599841102,52.28390279987434,"[13.258735368997181, 15.084408600655744, 10.908344167858452, 0.7576898435284148]",3
16,3336,21.072111501945386,52.278394193858205,7990,21.072463900388755,52.278830600152105,"[12.815243510995288, 14.499202344768205, 11.109008094738988, 0.39241481971527126]",3
17,3460,21.05617666604561,52.27291849842239,7691,21.057138899640563,52.27202779994309,"[11.7248654498666, 15.131261071548483, 10.97338291889298, 2.45708110438941]",3
18,3630,21.0759786149698,52.278892566029384,7974,21.07608890028257,52.27830560022335,"[13.06952470906637, 14.363969000049481, 11.363289292810068, 0.138133621644188]",3
19,3665,21.049883448409954,52.29907939251269,8652,21.049430599942298,52.29937499985641,"[14.699460960509041, 17.63153684640342, 8.381762238239812, 3.7814966093091282]",3
20,3779,20.9875085506632,52.26581304997896,7417,20.987311099627618,52.26588329987442,"[9.284011844679034, 17.673805929454037, 8.704737618361767, 7.9249111165552915]",3
21,3885,20.984366503188244,52.24320922763868,6020,20.985197199990864,52.242780599645016,"[6.600204990149566, 17.146963552740388, 11.74925113833372, 8.390539552814403]",0
22,3990,20.96997884440446,52.223881255371786,4817,20.969363899724215,52.223386100088476,"[5.625616631548298, 18.113971176580534, 14.331023889649407, 10.733278892012128]",0
23,4584,21.061192509033084,52.262417953766054,7273,21.06029719995587,52.262530600307,"[11.076231052955437, 13.024226387178615, 11.689487812516528, 2.726004304736932]",3
24,4805,20.958569289284906,52.187450128124866,2524,20.95908889983292,52.187097200075755,"[3.8075105519490435, 20.648576171524745, 18.59777724185913, 14.589286122262203]",0
25,4809,20.948232694156967,52.18611955894981,2498,20.948802799609552,52.18662500024362,"[4.748454600663668, 21.2157629497309, 19.14565361314393, 15.137162493547008]",0
26,4891,20.96350347837628,52.18241827651552,2230,20.96404439992915,52.18234439997411,"[4.207208303932934, 21.08240380849834, 19.47014897010525, 15.461657850508328]",0
27,5009,20.901901149319126,52.20531161490145,3586,20.90241110009225,52.20497500019616,"[8.39897414288979, 23.461192815353048, 18.68979493170181, 15.677317912372313]",0
28,5068,20.89435254499604,52.20436602793652,3588,20.894241699994495,52.20418890009773,"[9.021547595804279, 24.083766268267542, 19.28947249849151, 16.276995479162018]",0
29,5078,20.914617848041498,52.19784702844916,3205,20.91265560037573,52.198124999968854,"[7.119540069759621, 22.93104627295251, 18.994817516219793, 15.982340496890298]",0
30,7137,21.180270983813312,52.206648541234486,3775,21.180261099670076,52.20687780017039,"[16.800683231301747, 2.4336371682098354, 21.84245695118512, 13.332723895718495]",1
31,7562,21.14364095286717,52.19863941791308,3268,21.14424719974852,52.199277800430195,"[13.02077837298883, 5.947734662074529, 21.181711701056535, 13.299359831273437]",1
32,8331,21.223646235087234,52.24421670661645,6075,21.222847200138233,52.24410000041473,"[18.612133295653525, 8.20519106261259, 23.60050182420348, 14.197191485693981]",1
33,8395,21.225555476564143,52.251836357687466,6735,21.226155600000993,52.25258060011464,"[19.721236460395694, 9.31429422735476, 24.254692957807517, 14.043081379806038]",1
34,8486,21.23707177338078,52.26115051441245,7208,21.237208841714732,52.261252445144294,"[0, 0, 0, 0]",0
35,8693,21.240145329517457,52.22058234634306,4624,21.23982219963483,52.22018059975494,"[19.97282179189628, 7.041454718237943, 25.014595511779643, 16.504862456313017]",1
36,8792,20.934816457522174,52.355338640802955,148,20.93513610015094,52.3558917004417,"[21.648213750158536, 27.062766950083144, 5.426345781281554, 15.258966052938698]",2
37,8971,21.03241670382995,52.35583183782142,174,21.03190000018492,52.35696109957513,"[21.91257375217506, 25.256592775213676, 8.436107236504412, 11.406552538119385]",2
38,9004,20.985140027832358,52.30248961714127,8732,20.9855111002571,52.30389720029564,"[14.753720148572011, 20.168273348496623, 3.151066387129429, 8.479009541925015]",2
39,9122,20.96605913840268,52.34763456160221,493,20.963022199914633,52.349727800197854,"[20.6485564044206, 26.063109604345208, 4.426688435543624, 13.518218778302625]",2
40,9375,20.924559669827502,52.28019709630127,8088,20.92540000010996,52.28092220019943,"[13.040676833646614, 22.34818636835705, 11.063920311716311, 12.518991168563923]",2
41,10001,20.97796656662184,52.254154766218775,6809,20.975702799944315,52.25370829959843,"[7.908977793737095, 17.968688106752783, 10.4263843167528, 8.499546962659723]",0
42,10117,20.94766360479399,52.239456252805816,5751,20.948836099706284,52.23945000001754,"[7.40472032967056, 19.627934598019703, 13.10644729226304, 10.871510598093721]",0
43,10769,21.012950588712442,52.23255683054681,5317,21.012677799940548,52.23318609965884,"[5.4808414131704435, 14.914049191135843, 12.658022555499999, 7.890054463290884]",0
44,11021,21.019844931151425,52.15849016278582,1103,21.021208300322826,52.159099999865134,"[5.180333089743468, 19.069675506678514, 21.26046592486674, 16.401609407782455]",0
45,11125,20.973637454220228,52.18963071668179,2644,20.97367220001206,52.18900560012838,"[2.8570808819912052, 19.732276386556613, 18.350842320981826, 14.307636217772762]",0
46,11329,21.036214699439725,52.25208221827122,6738,21.03698330023917,52.25264170005448,"[8.939684094142981, 12.984052532582156, 10.027783144578137, 4.637226594577843]",3
47,11378,20.979022049977143,52.3260802519634,9147,20.978344400173967,52.32655279987188,"[17.632546279633758, 23.047099479558366, 2.307859162580393, 11.125763595987317]",2
48,11395,21.103482222534723,52.25490509326507,6914,21.107697199566132,52.25573609994109,"[12.278965214312976, 10.053483896655951, 15.316651407433545, 5.1050398294320685]",3
49,11748,20.915621814963444,52.219306904798195,4540,20.91594440041382,52.2188360998062,"[8.72641663041396, 21.947192890342613, 16.574695370622752, 13.562218351293254]",0
50,12909,21.13486432580071,52.24778140523108,6280,21.134447200178215,52.24676390023387,"[13.336034236289683, 7.332244573834657, 18.05644416713257, 8.107207942146582]",1
51,13546,20.877706230704064,52.19526005165276,3070,20.87780560034821,52.19572780039772,"[10.103765223166503, 25.564384947596913, 20.92485278312765, 17.912375763798153]",0
52,13652,20.876223057098663,52.192914598132866,2934,20.8763443998742,52.19345830006057,"[10.280972351552748, 26.09247855474565, 21.543340276031966, 18.530863256702467]",0
53,14254,20.917847563999455,52.2374907905836,5581,20.918480600099656,52.23741670032052,"[9.63936877302465, 21.910596267076468, 14.660021643199455, 13.15417226715049]",0
54,14257,20.907680993990798,52.249368349642005,6438,20.90710559984359,52.249144400293915,"[10.905522297742824, 23.08579042964529, 13.75812656017042, 14.102226694972002]",0
55,15700,21.11233487219022,52.21265405863853,4256,21.114552799871888,52.213747199673605,"[9.837724413971618, 8.132337543305303, 17.998657742039317, 10.70655077867436]",1
56,15935,21.112912028291785,52.21833477507488,4520,21.111900000384765,52.21828330003433,"[9.740330755778118, 8.636816439865125, 17.901264083845817, 10.609157120480862]",1
57,16465,21.16219245418836,52.22001481728377,4576,21.161611100272125,52.21966670015814,"[14.750914282643228, 3.6308066336489317, 19.7926880025266, 11.282954947059979]",1
58,16551,21.153871354794028,52.21672952625802,4490,21.154433299856976,52.217286100273384,"[12.902781826330973, 5.993019230069566, 19.368771055194088, 10.85903799972747]",1
59,17172,21.159111113812088,52.20605966475626,3768,21.15896110037454,52.206786099898636,"[14.003613551364749, 5.101719715959049, 21.1700448204333, 12.660311764966675]",1
60,17570,21.17598564048431,52.18560147984478,2415,21.17574169971971,52.185277799630796,"[16.3422791171688, 2.4843564706453223, 23.505511142330118, 14.995778086863492]",1
61,17947,21.18102208605166,52.183852639367124,2339,21.180919399810477,52.18418330041902,"[16.69255796536286, 2.0662596013424617, 23.923608011632975, 15.413874956166353]",1
62,18257,21.20366496081013,52.186517203565266,2521,21.204222200094534,52.1869222000995,"[18.308518010251767, 1.583831821532153, 24.401564255930783, 15.891831200464157]",1
63,18534,21.194769231585802,52.18273466822249,2298,21.195383299699586,52.18341940008531,"[17.33644451445166, 1.8831065081130045, 24.28142082879688, 15.771687773330255]",1
64,18719,21.19514706363265,52.18632858067223,2437,21.195647200358053,52.18563329983698,"[17.569560678365093, 1.6845692367492158, 24.166131943393086, 15.65639888792646]",1
65,18752,21.20027134861796,52.174511275456496,1757,21.199455599896055,52.17385560025582,"[18.2372426589595, 2.7839046526208464, 25.182218973304717, 16.672485917838095]",1
66,18877,21.204709817512576,52.17329704566185,1712,21.205741700019473,52.173016700060714,"[18.693668099287336, 3.240330092948686, 25.63864441363256, 17.128911358165933]",1
67,18972,21.197847767157057,52.179034132586125,1996,21.198050000007527,52.17809440003657,"[17.868415145010466, 2.4150771386718133, 24.81339145935569, 16.303658403889063]",1
68,19713,21.226625774427728,52.244490252423596,6104,21.225722199619895,52.24394439971434,"[18.80926917370987, 8.402326940668939, 23.797637702259824, 14.39432736375033]",1
69,20314,21.040269028924136,52.31820446163233,9002,21.0391944004013,52.317966699803435,"[17.778431939919443, 21.16624899840653, 8.285298249637513, 7.5839346578658935]",3
70,20517,21.07816334912643,52.32221855505194,9076,21.079727800097942,52.3225778000255,"[18.048306826479873, 20.98038271237425, 11.043678471537765, 7.130342475279963]",3
71,20964,21.076165055283994,52.31395684854829,8803,21.080547200293097,52.30738060013465,"[16.579303188191282, 19.51137907408566, 10.643815185355722, 5.661338836991369]",3
72,20973,21.07660731025231,52.31288003691433,8803,21.080547200293097,52.30738060013465,"[16.579303188191282, 19.51137907408566, 10.643815185355722, 5.661338836991369]",3
73,21393,20.965031004795343,52.32645482186167,9161,20.96504719976849,52.32588610006354,"[17.976990020112183, 23.39154322003679, 2.587752170696223, 11.702279413465181]",2
74,21779,20.97871830047554,52.328444198884256,27,20.97860560016835,52.32936670031302,"[17.989037679818008, 23.403590879742616, 2.625137185193997, 11.399541921537134]",2
75,21958,20.975778146973646,52.321774653175396,9070,20.975777799805655,52.32250280016416,"[16.976390844820024, 22.390944044744632, 1.6980702084506114, 10.469608161173584]",2
76,22614,21.100807104899868,52.24755713351061,6302,21.101727800197864,52.24706939993291,"[10.903964724046915, 8.873223076317277, 14.799184605606321, 5.628879545376392]",3
77,23231,21.011468834613247,52.13542270676741,642,21.012527800217867,52.13555830007556,"[8.077595508653612, 22.396144528744514, 24.157728343776878, 19.298871826692597]",0
78,23463,21.008194412374895,52.123178294855116,477,21.008008300442782,52.12148609990362,"[9.862581617718005, 24.181130637808913, 25.942714452841276, 21.08385793575699]",0
79,23729,21.07889888272233,52.13432019855725,281,21.079852799567107,52.13201109963262,"[10.470630261454875, 22.535435449888915, 25.602652825573525, 20.5903122441312]",0
80,24145,21.023468145429234,52.17761035808893,1908,21.022824999873876,52.17667500005126,"[3.4620110756278204, 17.318674846440025, 19.080258661472378, 14.221402144388101]",0
81,24921,20.9942535935611,52.19260428866899,2867,20.995583300329088,52.192380600184606,"[0.8291332860122906, 18.403942568150608, 17.999702747663324, 13.588068140737834]",0
82,25174,20.9439007136318,52.24061217622216,5957,20.94523610006604,52.24185560015587,"[7.843773486349572, 20.06698775469872, 13.02877615566138, 11.310563754772733]",0
83,25295,20.953895076462196,52.23284405609516,5314,20.952272199702293,52.233124999718996,"[6.8156011004989505, 19.877062758451164, 13.512047245623327, 11.12063875852518]",0
84,25402,20.97719467681377,52.235030598914435,5456,20.976833299916905,52.23546389983915,"[5.76798435709229, 17.71072802636807, 12.528690835869595, 8.954304026442085]",0
85,25549,21.08520033390088,52.28841774307528,8400,21.08513890034004,52.288869400302644,"[14.383141805479948, 16.208815037138507, 11.341864997284915, 1.7287994100289121]",3
86,25583,20.976518265060204,52.18304631367333,2328,20.977411099942344,52.18392780032775,"[3.017182533535836, 19.892378038101242, 18.510943972526455, 14.467737869317391]",0
87,25597,20.957174016852235,52.18717804456546,2544,20.95775560004097,52.18753330022167,"[3.8795779444769325, 20.564593146461725, 18.49448380987476, 14.485992690277833]",0
88,25618,20.97594980817907,52.18249451074005,2238,20.974697199616116,52.18274440043376,"[3.311110719635935, 20.186306224201342, 18.804872158626555, 14.761666055417491]",0
89,26187,21.038529445029187,52.25318009275217,6708,21.037530599757417,52.25218890039747,"[9.00244210060041, 12.921294526124727, 10.090541151035566, 4.699984601035272]",3
90,26663,20.919259597823977,52.26157536370637,7280,20.918611099822442,52.26264169985461,"[11.436175200835006, 22.687106214956525, 12.47227815723345, 13.217965070863464]",0
91,27630,21.15580508460736,52.213062113671825,4275,21.155466700028228,52.213991700156896,"[12.73217636134883, 5.677055025049088, 20.119776123454624, 11.610043067988006]",1
92,27789,21.154553356850446,52.235084307714644,5398,21.15449439979676,52.23454169993954,"[14.06628627939325, 5.667414069567245, 19.054654807943198, 10.2476882439387]",1
93,28124,20.945553264856592,52.29023671714482,8386,20.946241700394182,52.29058330037907,"[12.70272082167543, 21.86275659706072, 10.130618113448861, 11.585688970296477]",2
94,28634,21.093792694290904,52.225745384339966,4901,21.092433299657102,52.22490829977829,"[9.179876359277195, 9.575920828242328, 15.751621392584823, 8.033983411345586]",3
95,29178,20.96247048379294,52.31222516561165,8903,20.96215559970119,52.31195559977118,"[17.450051198450748, 22.864604398375356, 1.458882512104224, 11.175340591803753]",2
96,29602,21.019951396926125,52.156384196368734,997,21.021486100003585,52.155744399984144,"[5.5542642355833065, 19.44360665251835, 21.634397070706576, 16.775540553622292]",0
97,29620,21.14136362374855,52.14436112265419,796,21.139927800027976,52.14541109974249,"[13.26868643108545, 20.722935739548383, 26.555003985752247, 20.201216774868506]",0
98,29735,21.15621846298402,52.23695935940289,5660,21.156722200369302,52.238316699556094,"[14.010555594180186, 5.855920993580894, 18.998924122730134, 10.191957558725637]",1
99,30926,20.961369607244787,52.338866350593435,219,20.960775000066235,52.33783330026665,"[18.90542880893736, 24.319982008861967, 2.6835608400603834, 12.299423857502235]",2
100,31186,21.10977937821144,52.1743633508436,1786,21.110988899917857,52.17456669959358,"[10.573277794840212, 16.86684339643836, 22.799987522684635, 16.34512443175849]",0
101,31535,21.137780453906302,52.13599187227996,664,21.13843890043495,52.13745829956093,"[13.450532253696315, 21.995485672581967, 26.736849808363107, 21.473766707902087]",0
102,31681,21.02058152102163,52.173615293971345,1721,21.020038900175166,52.17328889966302,"[3.71524507688195, 17.624348146539273, 19.385931961571625, 14.527075444487348]",0
103,32528,20.902257695904364,52.29672681171252,8576,20.902766700123152,52.296225000283584,"[15.868079759059178, 25.02811553444446, 13.57411541704421, 15.029186273891819]",2
104,32703,21.07722476020078,52.32024899259147,9069,21.074919400310137,52.32225280032651,"[17.717339584675816, 20.649415470570194, 10.72557601366392, 6.799375233475907]",3
105,32806,21.063839818476833,52.344356902017,9263,21.067311099827464,52.34191939966064,"[20.183786740711223, 23.1158626266056, 10.406289194598287, 9.265822389511312]",3
106,32829,21.064158952711622,52.34350868523831,9263,21.067311099827464,52.34191939966064,"[20.183786740711223, 23.1158626266056, 10.406289194598287, 9.265822389511312]",3
107,33024,20.964831760609464,52.20048428887587,3320,20.964708300148004,52.200188899997784,"[2.9250957793796717, 19.05840393566793, 16.988294599080966, 12.979803479484035]",0
108,33516,21.156378454719267,52.232656169076954,5279,21.15726110021967,52.232327800187875,"[14.45187492828708, 5.290137300415017, 19.440243456837024, 10.633276892832528]",1
109,33719,21.146133165425375,52.22441127243786,4846,21.146108299958144,52.223952799781955,"[12.945872501562148, 5.08347849441537, 18.4338635669437, 9.924130511477076]",1
110,33804,21.15579921670483,52.22911965787744,5159,21.15639170041669,52.23058889985788,"[14.328325946557825, 5.194315829660547, 19.37009966644119, 10.685232138718781]",1
111,33950,21.132437128768505,52.21712849175795,4408,21.132666699908327,52.216349999552904,"[11.290269240051614, 6.6797927172253075, 19.269524160734036, 10.75979110526742]",1
112,34162,21.20908555765779,52.15895128856367,1081,21.208652800086725,52.15839439988173,"[19.528442231232123, 4.856585038167225, 27.183935445409443, 18.674202389942817]",1
113,34701,21.216583926720062,52.219198175794695,4734,21.21708330035409,52.21772779959832,"[19.125038550490604, 5.915306300604481, 24.166812270373963, 15.657079214907343]",1
114,34828,21.19583240395551,52.24291442036086,6018,21.197436100295818,52.24275000021237,"[16.923505159962247, 9.106161078429631, 21.911873688512202, 12.63693609998707]",1
115,34952,21.057255862426608,52.35594857897415,155,21.05355000033228,52.35550559990355,"[21.834620986831574, 24.76669687272595, 10.750119971782933, 10.91665663563166]",2
116,34956,21.05695622685129,52.35307978061361,9360,21.053922200049556,52.35258610016842,"[21.503386565069142, 24.43546245096352, 11.081354393545364, 10.585422213869231]",3
117,35260,21.051734642179582,52.32447348018635,9083,21.049252800376507,52.32283330011677,"[18.533231716533148, 21.675721211276393, 8.598289867189047, 7.825680974182108]",3
118,35424,20.93969491429103,52.32104192359365,9036,20.940869399603173,52.320183300219185,"[18.677706493565815, 24.092259693490423, 1.3357497357577, 12.402995886918811]",2
119,35464,20.952074944344982,52.345650265305565,9293,20.95234170020933,52.34671390042621,"[20.0202432932694, 25.434796493194007, 3.798375324392425, 13.630995596049566]",2
120,35798,20.983777053809764,52.3405558775353,9252,20.98673610009098,52.340711100237115,"[19.20373106654543, 24.061958515998576, 4.198500550190496, 10.996996750479516]",2
121,35934,21.01181108305879,52.32972671132611,9129,21.01172780019789,52.32774439978425,"[18.851648698301116, 23.175395909187046, 6.235913303140694, 9.593081568646408]",2
122,36109,20.994200223224112,52.31798205358145,8985,20.996644399619413,52.317477799560834,"[16.51138172453662, 21.369609173989765, 4.583396254154128, 8.304647408470709]",2
123,36388,21.02323571171265,52.32505355238304,9133,21.020977799585808,52.325233300176706,"[18.730509247946216, 22.723520969207726, 6.802523777563728, 9.141206628667089]",2
124,36522,21.03847967821331,52.30429175773612,8761,21.03903609993614,52.30573609984117,"[16.161999620876067, 19.549816679363154, 8.43221815738145, 5.967502338822512]",3
125,36707,20.95014679305209,52.34311269508611,187,20.951302799784457,52.34372220041928,"[19.605166860872746, 25.019720060797354, 3.3832988919957727, 13.215919163652915]",2
126,37065,21.09575541111795,52.23868069819416,5642,21.095852799966792,52.23811670022559,"[9.734351286866879, 8.933153855914291, 14.86632949796066, 6.543149455101081]",3
127,37698,21.12231100627558,52.24038306478404,5874,21.122963899964077,52.24070279969453,"[12.07696990154042, 7.167803103189288, 16.627537771679837, 7.76164684038556]",1
128,37716,21.081695952217633,52.24500489426503,6154,21.081302799884384,52.2448694001028,"[9.68467839321963, 9.837305196545842, 13.317059050419601, 5.195690679620029]",3
129,38619,21.021494570347805,52.11046927130946,411,21.02133329979199,52.111547200043276,"[10.416425827497852, 24.73497484758876, 26.496558662621123, 21.637702145536835]",0
130,38732,21.084639522908013,52.12681884727424,277,21.086216700040723,52.12631940012028,"[11.383823773764798, 23.448628962198846, 26.515846337883456, 21.503505756441125]",0
131,39073,21.077659989242512,52.23798750040116,5651,21.077747199773512,52.23818330041905,"[9.707940753103802, 10.574050235389366, 13.691250913659829, 6.2861470148182885]",3
132,39248,21.056903717857573,52.14467096469916,786,21.056991700406684,52.14505000035729,"[8.188647990555415, 20.57869262418292, 23.64590999986753, 18.633569418425207]",0
133,39319,21.106435420722715,52.11744199638576,438,21.105377800345252,52.11736110033456,"[13.325352183809743, 22.969999396741734, 26.723605703237954, 21.711265121795623]",0
134,39360,21.054831122186012,52.14739573094326,819,21.055194399901666,52.14712780030777,"[7.92524001756616, 20.38385605477124, 23.451073430455853, 18.438732849013526]",0
135,39510,21.020968881503325,52.1720515476169,1722,21.021669399822997,52.17310559984361,"[3.829278163943851, 17.723694281467935, 19.485278096500284, 14.626421579416009]",0
136,39583,21.021436873575198,52.19963213648559,3309,21.02131670010567,52.1999805999248,"[1.8139103520812374, 16.156151605195685, 16.524998641296964, 11.66614212421268]",0
137,39642,21.013558074954265,52.18980743080958,2727,21.013744400383814,52.1904527999568,"[1.627742318845339, 16.967777686940153, 17.60535755738419, 13.147066814335014]",0
138,39879,20.995125381904995,52.161040368033575,1240,20.99642779970327,52.16307499971151,"[4.564937168059255, 20.519732467011732, 21.457629073686945, 17.01453412631541]",0
139,39920,20.891461200485544,52.18730302750337,2502,20.8908277997632,52.18667499985139,"[9.524113688891827, 25.335619892084726, 21.633292317247225, 18.620815297917726]",0
140,40507,21.124158561424245,52.25111148801292,6620,21.12288890010268,52.250763900333766,"[13.87763086001008, 8.246339672128734, 17.260645123580698, 7.04903354557922]",3
141,40542,21.166458176737887,52.25037984133093,6628,21.16617499957664,52.25090829997811,"[15.760539617991538, 8.677265467569116, 20.48094954883442, 10.335512099371128]",1
142,40996,21.166822125184453,52.26856705876322,7477,21.16736389972425,52.26754170008945,"[16.712318858270176, 10.415953300562828, 20.212947804112076, 10.001336226110602]",3
143,41227,21.16548194002751,52.26669063843293,7401,21.165541699689754,52.2673027996845,"[16.627580053234787, 10.432461507495876, 20.0105943168054, 9.798982738803925]",3
144,41370,21.16177997514022,52.265866837657114,7381,21.161158299715794,52.26490000003503,"[16.245744599915884, 9.949379042208536, 19.72586599697836, 9.514254418976886]",3
145,42493,20.995036100751836,52.26482286816872,7374,20.994797200230664,52.26462499994386,"[9.13265482562835, 17.36307882902667, 8.741639803998495, 7.614184016127923]",3
146,42536,20.982781651127752,52.26466163753047,7412,20.982905599713717,52.26578059999474,"[9.111296672314676, 17.982122776002207, 8.879945350327993, 8.233227963103454]",3
147,42951,20.944287717244276,52.24206362442682,5957,20.94523610006604,52.24185560015587,"[7.843773486349572, 20.06698775469872, 13.02877615566138, 11.310563754772733]",0
148,43225,20.96409404361255,52.1905168827334,2692,20.963183299969387,52.18977780030531,"[3.3207566191303526, 20.16182223870605, 18.309596622859544, 14.301105503262617]",0
149,43966,20.889492046814464,52.196804824025776,3187,20.889802800159146,52.19777500001629,"[9.018162910267504, 24.829669113460405, 20.893440356727684, 17.880963337398185]",0
150,44244,20.88368949953739,52.19117750699453,348,20.883347200313096,52.19146670012816,"[9.848348305749314, 25.65985450894221, 21.154410733805218, 18.14193371447572]",0
151,45109,20.906224147035612,52.18791293027909,2562,20.908274999991306,52.18787779992056,"[7.764564128433131, 23.576070331626024, 20.224163843156912, 16.98750389506465]",0
152,45156,20.907675475239685,52.18497794660494,2379,20.907263900308806,52.18478060044441,"[7.875253083815213, 23.68675928700811, 20.334852798538996, 17.098192850446733]",0
153,45271,21.027725068166728,52.2209545539071,4707,21.02858889965802,52.22109719957615,"[5.223252958656581, 14.033131280003975, 14.024923390002407, 9.166066872918126]",0
154,46163,21.133380529512944,52.23634040384969,5415,21.13373890042999,52.23493610032085,"[12.230136211899417, 6.053329894052885, 17.218504740449365, 8.488936947288613]",1
155,46837,21.146249522682325,52.235973216691576,5493,21.14601389992157,52.23611109964759,"[13.238892714108975, 5.921272926341187, 18.227261242658926, 9.420294678654425]",1
156,47840,21.144903085129375,52.2122065588106,4131,21.143947200303103,52.2127499999126,"[12.055680976369448, 6.513867970447847, 19.69959343517855, 11.189860379711929]",1
157,48020,21.1860613639133,52.16287461928586,1298,21.187636099826193,52.164797199631096,"[17.618647950848572, 4.4693562147705155, 25.77958127891628, 17.82532182636562]",1
158,48248,21.145667836764446,52.19825476811144,3271,21.144488899742953,52.19934439972434,"[13.038889528408593, 5.929623506654768, 21.199822856476295, 13.317470986693197]",1
159,48428,21.14154100411676,52.2064659469199,3827,21.140374999606593,52.2074916998821,"[12.553614777196119, 7.759307491347087, 20.71454810526382, 12.357923131779128]",1
160,48775,21.183822832940294,52.17623657316776,1923,21.18436109988488,52.17688890020264,"[16.72979816320027, 2.8531239549465064, 24.611364007852696, 16.10163095238607]",1
161,49225,21.140541292003146,52.194963793649215,352,21.140905599613802,52.19419720014071,"[13.046437989443202, 5.878280941129118, 21.20737131751091, 13.524859151567098]",1
162,50450,21.202537562294037,52.163242459096494,1243,21.202811099952328,52.16315830031539,"[18.914888424080903, 4.543296947535115, 26.820926494370756, 18.31119343890413]",1
163,51158,21.185676623076958,52.24056790368529,5832,21.18695280033154,52.24028330013425,"[16.33607148702886, 8.518727405496248, 21.32444001557882, 12.128188080844565]",1
164,51282,21.1928246202712,52.23862565234306,5772,21.191644399769302,52.23926670019813,"[16.715204759081608, 8.897860677548996, 21.703573287631567, 12.507321352897316]",1
165,52219,21.068047313598374,52.34932200872085,9347,21.067847200088238,52.351277799730724,"[21.47005583656614, 24.402131722460517, 11.692558290453203, 10.552091485366228]",3
166,52280,21.059335395276474,52.34653902559233,9313,21.06011940039008,52.346836100305836,"[21.12590222908872, 24.057978114983097, 10.872504949462192, 10.207937877888812]",3
167,52456,21.044300169212736,52.335972946731516,197,21.042994400271425,52.33672500005878,"[20.386999639046298, 23.363555675385427, 8.945436269735367, 9.513515438291137]",2
168,52648,21.052412042899096,52.33532613858299,9223,21.05416940029761,52.33435560033075,"[18.792521487400627, 21.724597373295005, 10.032393428341088, 7.874557136200718]",3
169,53124,20.944788983646678,52.34163839168505,188,20.94253609966131,52.34155830027538,"[20.249338103447418, 25.663891303372026, 3.176874290624982, 13.860090406227586]",2
170,53793,20.95044134958039,52.348752151660655,9319,20.94797780023532,52.34769720026566,"[20.1021480478867, 25.51670124781131, 3.8802800790097254, 13.712900350666867]",2
171,53877,20.95747760074274,52.346975299185914,9315,20.95726109972003,52.347058300300375,"[20.11522118241017, 25.52977438233478, 3.8933532135331963, 13.236685466096562]",2
172,54140,20.978907521181544,52.32007159418816,9018,20.97868060002969,52.319238899655545,"[16.615802726902842, 22.03035592682745, 2.1101576457205797, 10.053547428245023]",2
173,54469,20.987621639801375,52.33716283699672,223,20.98662499964405,52.33495560012091,"[18.541406059300233, 23.39963350875338, 3.5361755429453, 10.33467174323432]",2
174,55247,20.97171758845365,52.31384037118235,8942,20.97090000023485,52.313397200420525,"[16.346673625671354, 21.761226825595962, 2.2916128452068505, 10.071963019024357]",2
175,56054,20.96457998612275,52.28249475741403,8167,20.964766700323025,52.28276669982341,"[11.271544193137244, 20.431579968522524, 8.378639828604681, 9.833710685452298]",2
176,56299,20.964959247991327,52.280145332987345,8060,20.965044400178954,52.28043329995688,"[10.95813530929426, 20.118171084679545, 8.0832505396234, 9.538321396471018]",2
177,56893,20.951757113174573,52.27817330399516,7977,20.951397199820974,52.27844999986763,"[11.514982984485048, 20.675018759870337, 9.311847351778056, 10.76691820862567]",2
178,57819,21.110198095271688,52.24279102827702,6097,21.109913899806656,52.243827799913106,"[11.210475434011194, 8.138516192628604, 15.465058176625572, 6.4039614882745575]",3
179,57839,21.113560023840893,52.24048139231469,5989,21.113330599627545,52.24023329962711,"[11.81992068334529, 8.236530516282961, 16.074503425959673, 6.973031678399163]",3
180,57900,21.11407386132609,52.24265247061112,5992,21.114516700185618,52.242322199909665,"[11.578630589105565, 7.69448756624286, 15.888456009555906, 6.8076150554508095]",3
181,58548,21.082613596214625,52.175605268326926,1831,21.08258059981489,52.17533889977045,"[7.7571510161672315, 16.53387859763953, 20.285946135105707, 15.273605553663387]",0
182,58576,21.08353152076618,52.17313205179293,1683,21.083975000445946,52.172411100192164,"[7.758801188714067, 16.765187071472532, 20.517254608938714, 15.504914027496392]",0
183,58758,21.125950331488234,52.16405041138603,1261,21.125658300290354,52.16379170002699,"[11.450553736252, 18.63419402787773, 24.567338154124013, 18.11247506319786]",0
184,59122,21.10425179862609,52.130041690802436,539,21.103658300190432,52.127730600087204,"[12.155034931248238, 21.778174850362692, 25.531781156858916, 20.51944057541659]",0
185,59292,21.103509609057895,52.133889695704646,632,21.099916699596065,52.134386100338304,"[11.325693274062315, 20.948833193176778, 24.702439499672995, 19.69009891823067]",0
186,59403,21.061846731472357,52.147604255411906,829,21.0606861000835,52.1481055998936,"[8.090099504020836, 20.154951489986697, 23.22216886567131, 18.20982828422898]",0
187,59460,21.058192348645356,52.154811190860485,972,21.055941699649793,52.1546832997945,"[7.23941291802455, 19.251050739299338, 22.318268114983947, 17.30592753354162]",0
188,59557,21.03136986003959,52.149277180043,833,21.03121939955571,52.1485249996291,"[6.794229395799259, 20.002910471207812, 22.874362230922525, 18.015505713838245]",0
189,59649,21.057702254046742,52.15734847500741,1077,21.058697199915912,52.158047200418025,"[7.793676140029521, 19.384501640965173, 22.451719016649783, 17.439378435207455]",0
190,60050,20.990953143066978,52.19035058656857,2774,20.98993059991733,52.19098330013924,"[1.243399525625373, 18.936346537372586, 17.985480063272586, 13.94227396006352]",0
191,61048,21.029968093982784,52.14945660219699,833,21.03121939955571,52.1485249996291,"[6.794229395799259, 20.002910471207812, 22.874362230922525, 18.015505713838245]",0
192,61182,21.028102962336185,52.14738547036632,847,21.028394399681872,52.14915280016163,"[7.0800011041238, 20.288682179532355, 23.160133939247064, 18.30127742216278]",0
193,61228,21.01081235688432,52.150677172949244,862,21.010477800110436,52.1505082997183,"[6.380171508046565, 20.69872052813747, 22.460304343169835, 17.60144782608555]",0
194,61549,21.111794398986543,52.247004065084106,6390,21.110841699784658,52.24832779968824,"[11.555218321590495, 8.463247102497373, 15.565177564164394, 6.069629562655204]",3
195,61618,21.00937448650232,52.25157352061417,6627,21.009049999557874,52.25087780037023,"[7.552204848607883, 15.470743384930936, 10.396722863321763, 6.7143193850049565]",3
196,61983,20.98510702257029,52.263880416704836,7338,20.984580599615015,52.26364720035804,"[8.95028515078708, 17.732271828425002, 9.024431401243854, 7.983377015526253]",3
197,62567,20.957853264915688,52.24028221877688,5738,20.95952499997884,52.2393110997275,"[7.16128518090498, 18.843436002917088, 12.946474570616958, 10.0870120029911]",0
198,62943,21.062546343317106,52.267703177219055,7554,21.06065279998677,52.26902780009294,"[11.212859086964816, 14.61550841005841, 11.061746331786926, 1.9413284428993363]",3
199,63074,21.079067496240317,52.264893858628625,7301,21.0782222000945,52.2630388998254,"[12.143468786945327, 12.180608536849569, 12.611129267796253, 2.3214940848440997]",3
200,63575,20.95245941887825,52.22024123978526,4612,20.95134439972429,52.2201055998936,"[5.418151348984573, 19.52345939056015, 15.121096662001946, 12.108619642672451]",0
201,63934,20.94661031525947,52.19384895463326,2853,20.94610830035782,52.192583300179194,"[4.56387557744598, 21.03118392651321, 18.961074589926245, 14.952583470329321]",0
202,64463,20.95772908378114,52.2136496811293,4296,20.955694399776803,52.21424169999449,"[4.61538107330067, 18.87969871703348, 15.527792228564373, 12.291132280472102]",0
203,64583,21.135414342417214,52.20857501354624,3820,21.135944399614402,52.20742499986392,"[12.341437632372754, 7.547130346523722, 20.50237096044045, 12.145745986955761]",1
204,64906,21.01550022385056,52.30073212977419,8630,21.01703609983616,52.29822220029439,"[15.68568857560671, 19.605244711431265, 7.546252664539096, 6.126872198775126]",3
205,65285,21.090122438344878,52.25342169959577,6717,21.09185830012052,52.252286100023525,"[10.739002412379147, 9.929625142348488, 14.098799524313279, 4.60325152280409]",3
206,66431,20.975202286104608,52.225691941264216,5014,20.976969399718087,52.227349999602836,"[5.533351147864934, 17.72328304358975, 13.536151046633925, 9.938406048996647]",0
207,66815,21.022712436103394,52.24443060657403,6169,21.023325000448438,52.2451471997835,"[7.1509350902986535, 14.456998319498227, 10.965881649217142, 6.107025132132861]",3
208,66844,21.02377706349838,52.233777995717446,5327,21.02500279993933,52.23329720010577,"[5.736096650634399, 14.628766177263168, 12.984109803685527, 8.125253286601248]",0
209,67825,20.94301542206422,52.30438265565472,8746,20.94418889979795,52.30366669955862,"[14.474573664766918, 23.252820667715728, 10.540710624611524, 11.995781481459137]",2
210,68265,21.062055271831973,52.2371064178899,5523,21.06317220033685,52.23657220004702,"[8.116190491468013, 11.53799485501014, 12.986974464311437, 7.0464811904228855]",3
211,68483,21.015133496240807,52.18699501617927,2499,21.013927800028,52.18663060032202,"[2.0276558343923634, 16.99293417626699, 18.030866992827256, 13.572576249778084]",0
212,68866,20.999993436585545,52.19046940557375,345,21.000000000399723,52.19070279979445,"[0.8570564969802223, 18.321383733233013, 17.962490274078917, 13.519395326707377]",0
213,69155,21.2345253585872,52.25626553476825,6923,21.234244400159014,52.25587219974227,"[20.548166996436308, 10.23006902734291, 24.760559551975618, 14.548947973974139]",1
214,69175,20.944976780632093,52.28881832130265,8415,20.944205600208306,52.28932500044846,"[12.772553501757445, 21.932589277142736, 10.200450793530875, 11.65552165037849]",2
215,69930,21.04592476271219,52.31373958759529,8946,21.047219399955395,52.31488059975993,"[17.901057353521765, 21.288874412008852, 9.644876851648624, 7.706560071468207]",3
216,70117,20.97679656028809,52.2775539137539,7952,20.976316699656024,52.27779169972723,"[10.501131261513702, 19.30624846370693, 7.793807727732564, 9.24887858458018]",2
217,70157,21.15688029796606,52.17312132377582,1724,21.156786099898625,52.173330600327006,"[15.074740720890421, 5.266924602147393, 23.235674048958128, 15.943567085593168]",1
218,70616,21.023024545626463,52.123344633631106,275,21.022933299831948,52.1231360995514,"[9.229747376532188, 23.548296396623094, 25.30988021165545, 20.451023694571173]",0
219,71730,21.175732212812953,52.206763214979425,3716,21.174869399603153,52.206033299896944,"[16.42008031267536, 2.0955357284300353, 21.461854032558737, 12.952120977092111]",1
220,72181,21.16335586657664,52.255658069115306,6925,21.164194400151473,52.255913900406256,"[15.504793733314994, 9.208428175607647, 19.946718376271992, 9.735106798270523]",1
221,72529,21.134330182711007,52.245810669399454,6209,21.133569399807982,52.24579169982712,"[13.202784777564199, 7.198995115109174, 17.92319470840709, 8.09637810259878]",1
222,72664,21.080980092676427,52.29105511622951,8366,21.080641700154388,52.29138330039905,"[14.1320383949394, 15.957711626597963, 11.052775594648297, 1.6026369006729704]",3
223,72717,21.060613975272393,52.2899324258376,8446,21.061227800422728,52.290263899859156,"[13.98668459367801, 15.812357825336573, 9.541124419903271, 1.9623175882422847]",3
224,73088,20.90902312103698,52.260387701416605,7180,20.909147200283144,52.26083889999529,"[11.981982521121047, 24.162250653023516, 14.581224756553281, 15.178686918350223]",0
225,73215,20.89817519196369,52.26697028123984,7391,20.89834439997412,52.26515280036148,"[12.627631580816079, 24.80789971271855, 15.226873816248315, 15.824335978045257]",0
226,73971,21.09858524495245,52.122962463180535,481,21.09835559973118,52.1218582996209,"[12.625940982461724, 22.41635822440569, 26.169964530901918, 21.157623949459584]",0
227,74566,20.997190673257414,52.177248196285404,2056,20.997194399801742,52.17922780032279,"[2.4607802232315636, 18.60154451277406, 19.35347212885925, 14.91037718148771]",0
228,74601,21.01939135566352,52.19014760048878,2785,21.019327799938083,52.1899555998711,"[2.1999016026171785, 16.669556780811536, 17.791335796808607, 12.932479279724323]",0
229,74617,21.020078924286235,52.21125770139134,4093,21.020513899596835,52.211280600319526,"[3.239334204407593, 14.83249775452234, 15.099574788970603, 10.240718271886323]",0
230,75218,21.01660262938273,52.29250015724241,8509,21.01591939996041,52.2931166995761,"[0, 0, 0, 0]",0
231,75334,21.086408827007105,52.28724976776361,8324,21.085908300028052,52.28646389998903,"[14.170815175490306, 15.996488407148869, 11.275065139266523, 1.4980278101166444]",3
232,75754,21.029663840143144,52.292759992533725,8517,21.02717780041519,52.293561099565125,"[13.967760000369088, 17.788130300697574, 7.012814082547254, 4.309757788041432]",3
233,76013,20.900170457796293,52.22410728803553,4854,20.904061099740034,52.22414169967976,"[9.865107770782503, 23.08588403071116, 16.724250708777454, 14.700909491661795]",0
234,76655,21.1246170123485,52.192453706024835,2880,21.125838900345002,52.19254719959366,"[11.87917893837104, 7.056028543363729, 20.04011226643874, 12.748005303073787]",1
235,77274,21.012036467809033,52.30318524776976,8723,21.009450000017523,52.30341390013143,"[14.75276374988561, 19.51539628741427, 5.208712347477614, 6.450434521895215]",2
236,77401,21.028128138266673,52.341915182960086,9273,21.028599999990035,52.34282780036273,"[20.191597041897943, 23.63514442004078, 8.146816486795624, 10.052830079500144]",2
237,77969,20.991651730219655,52.228779294887566,5043,20.991352800391496,52.22783329976704,"[4.724178994843852, 16.527552121730338, 13.43499594563347, 9.139930125106686]",0
238,78194,21.133331404440195,52.19772876665427,3200,21.13494440026392,52.1980471996186,"[12.325050893660716, 6.599668036911606, 20.485984221728412, 12.803472055784612]",1
239,78558,21.0072226833441,52.2484281428925,6385,21.007144399994104,52.24827780008047,"[7.277183428720516, 15.341800037482061, 10.797943410226969, 6.585376037556081]",3
240,78608,21.00627228566443,52.2227447237097,4787,21.004719399680596,52.22303329964711,"[3.779247308164847, 15.342951335507902, 13.818035169070843, 9.52296934854406]",0
241,79391,21.164354280396342,52.25773573871547,6975,21.165124999719012,52.257113899986564,"[15.64238479901019, 9.346019241302843, 19.85477735454949, 9.64316577654802]",1
242,79519,21.16041859667322,52.25591400120865,6928,21.16051390039621,52.25605560028578,"[15.25295812764874, 8.956592569941392, 19.816827430019977, 9.605215852018507]",1
243,79652,21.165720743602645,52.25531413014646,6859,21.16560279962954,52.25439169981712,"[15.536620028605558, 9.13035024902721, 20.100489330976792, 9.888877752975324]",1
244,80223,21.061266267106074,52.284093604670694,8163,21.06112220022942,52.28379719968109,"[13.576033766200423, 15.401706997858986, 10.156296883247357, 1.551666760764696]",3
245,80819,21.081820487076783,52.28149279592056,8140,21.08193060041691,52.28232220000956,"[13.647107202381873, 15.050865289639441, 11.530848468351149, 0.5487626679457716]",3
246,80822,21.065642694493334,52.281732549577754,8107,21.065144400094027,52.28143060044192,"[12.920477033731188, 14.746150265389751, 10.426461842293229, 0.8961100282954624]",3
247,80981,20.94660433636879,52.1804492215302,2116,20.94613610020093,52.180347199963364,"[5.179263335545348, 21.646571684612578, 19.576462348025608, 15.567971228428688]",0
248,83049,20.88059062699691,52.25142885767273,6656,20.881147199583665,52.25187219964238,"[13.011244873788973, 25.282472367840796, 16.10121343902733, 16.44531357382891]",0
249,83119,20.8726815867101,52.251004318010224,6663,20.871330600326985,52.251419399985366,"[13.833626278568689, 26.104853772620515, 16.92359484380705, 17.267694978608628]",0
250,83380,20.913111346717486,52.25615392847785,6978,20.914088900282593,52.257188899847904,"[11.347632378178579, 23.278050417880912, 13.063222360157834, 13.808909273787853]",0
251,84374,21.125190093718224,52.19799544439138,3203,21.126441699724694,52.19810559979368,"[11.565042732996474, 7.796191521723004, 19.72597606106417, 12.433869097699219]",1
252,84612,21.126935939419113,52.19942097480338,3295,21.12768890022261,52.199747199773526,"[11.56146384444607, 8.432477404035199, 19.722397172513766, 12.430290209148815]",1
253,84910,21.228429072485195,52.163801187918224,1255,21.23083330041652,52.163516699935826,"[21.08720620983431, 5.925269582999654, 28.323583903683524, 19.813850848216894]",1
254,84962,21.23934401268497,52.16544817582239,1364,21.239622200304325,52.165580599964755,"[21.875739286473685, 6.245402296025235, 29.06313473042385, 20.55340167495722]",1
255,85068,21.24245048480836,52.166644452987306,1445,21.24206109964007,52.16666670040797,"[22.139166060071574, 6.260109395289744, 29.077841829688364, 20.56810877422173]",1
256,85593,21.228535437876836,52.159722652096704,1131,21.22862499984393,52.15996390031381,"[21.07950376961252, 5.918279246420102, 28.316593567103975, 19.806860511637343]",1
257,85611,21.229063796195813,52.16023357661113,1160,21.228872200091985,52.16065279988686,"[21.055506991810272, 5.893570364975615, 28.291884685659486, 19.782151630192853]",1
258,85700,21.235277899346258,52.167583538934764,1450,21.235174999726496,52.16682499997381,"[21.842370564924227, 6.383908089682848, 29.078748258773434, 20.569015203306805]",1
259,86243,21.226002439561462,52.22136374837081,4623,21.22553610021089,52.22016939959815,"[19.053488082120978, 5.8958189699871175, 24.09526180200434, 15.585528746537715]",1
260,86664,21.23169148677902,52.22372210936231,4819,21.230805600398185,52.22343890018516,"[19.0102745251956, 6.41263131582468, 24.05204824507896, 15.542315189612339]",1
261,87155,21.2438428489577,52.24983783085536,6542,21.244149999922627,52.25000560007845,"[20.79902979226274, 10.392087559221803, 25.683459830732456, 15.471848252730977]",1
262,87715,21.22962910201027,52.2253711584485,4907,21.230236100215905,52.22504169981465,"[19.080272576790538, 6.482629367419615, 24.122046296673897, 15.612313241207275]",1
263,88096,20.941658531769228,52.34955095563097,9340,20.941083299754553,52.350736100290874,"[20.8813700307201, 26.295923230644707, 4.659502061843121, 14.492122333500262]",2
264,88103,20.93463952192805,52.353264253839725,9374,20.93466390031881,52.35353609991114,"[21.546321607127688, 26.960874807052296, 5.324453638250707, 15.157073909907847]",2
265,88169,20.937362833022643,52.35423623340936,9380,20.937788899638065,52.3545500000825,"[21.36146634350994, 26.776019543434547, 5.13959837463296, 14.972218646290099]",2
266,88301,20.949772239466657,52.365664353657486,9217,20.94977169410845,52.36640049888399,"[0, 0, 0, 0]",0
267,89119,21.024256727011075,52.33545674129881,9239,21.025819399645627,52.335722200219436,"[19.678300862938446, 23.121848241081285, 7.750315392555962, 9.53953390054065]",2
268,89137,21.020479324509736,52.337221432204366,220,21.019277800330258,52.337897199795975,"[20.06680696321374, 23.510354341356578, 6.745294086437616, 9.928040000815946]",2
269,89299,20.977871265579243,52.356260697929926,163,20.97799169955732,52.35659170034677,"[21.406862155526166, 26.265089604979313, 5.8321626746935875, 13.200127839460249]",2
270,89426,20.987593321163022,52.36005644667619,388,20.987102799554634,52.35883330011677,"[21.77679139672612, 26.635018846179268, 6.478236971345566, 13.570057080660204]",2
271,89651,20.98998818050349,52.35936928022402,387,20.989380599734943,52.35944719982848,"[21.934524074877736, 26.792751524330882, 6.64778696209297, 13.72778975881182]",2
272,89716,20.98412913885593,52.35252575713078,9362,20.9847749997665,52.352763899734214,"[20.98276164034801, 25.840989089801155, 5.977531123993073, 12.77602732428209]",2
273,90065,21.030670438666398,52.30306578816077,8729,21.02988330017422,52.3037583000056,"[15.620907792031431, 19.00872485051852, 7.891126328536818, 5.426410509977878]",3
274,90132,21.034560182981856,52.30090722391715,8662,21.034586099768717,52.299947199803455,"[15.078494805941112, 18.282525855818424, 7.3487133424465, 4.700211515277786]",3
275,90428,21.038046821627653,52.31059852350968,8870,21.039786100348294,52.31015830016548,"[16.914631341053457, 20.302448399540545, 9.033805297081784, 6.7201340589999035]",3
276,90701,21.075277276459364,52.32244560170515,9069,21.074919400310137,52.32225280032651,"[17.717339584675816, 20.649415470570194, 10.72557601366392, 6.799375233475907]",3
277,91176,21.085120248845524,52.17253893879014,1705,21.08509440008652,52.172844399849225,"[7.849296266195697, 16.827001664396857, 20.607749686420348, 15.595409104978025]",0
278,91202,21.072404719763423,52.17438404193221,1770,21.07186389969928,52.17404440032885,"[7.079727558858897, 16.23509034683165, 19.98715788429783, 14.974817302855511]",0
279,91208,21.06607328679002,52.173950319639744,1553,21.065719399630666,52.17404719991839,"[6.594089288856111, 16.34598233844745, 19.956254737550466, 14.943914156108146]",0
280,91607,21.08619854706977,52.17482647144228,1821,21.085880600009716,52.175108300108036,"[7.886471617123121, 16.494922729100303, 20.4152667360616, 15.402926154619276]",0
281,92000,21.088563689081468,52.17000404070539,1611,21.088058300250395,52.17121109971254,"[8.009850005652924, 16.485393682396204, 20.934478302979922, 15.922137721537599]",0
282,92503,21.11135470889409,52.16809868942369,1464,21.11137780004549,52.16738890007775,"[10.488284861690284, 17.745107925750652, 23.67825205199693, 17.223388961070782]",0
283,92733,21.077339246364655,52.1735099141653,1719,21.07709999996507,52.17324169964479,"[7.481739369029853, 16.32326323559707, 20.07533077306325, 15.06299019162093]",0
284,92874,21.11476167209043,52.16873686379096,1547,21.115111099897376,52.169738899630545,"[10.93352587781299, 17.47361947873026, 23.406763604976536, 16.95190051405039]",0
285,92993,21.063282729806485,52.18457666163161,2416,21.06368059967997,52.185322200059545,"[5.900188134582718, 14.96940733708246, 18.441178985851977, 13.428838404409653]",0
286,93160,21.06564096107479,52.17900358303179,2040,21.06544999961784,52.178891700291786,"[6.37853130283461, 15.68746769628819, 19.39645035302752, 14.384109771585205]",0
287,93192,21.06685732608697,52.17916770350677,2003,21.066524999728983,52.17825829968086,"[6.480387289145886, 15.789323682599468, 19.4983063393388, 14.485965757896482]",0
288,93809,21.02198660247267,52.129577747342644,551,21.021391699967012,52.12880560019835,"[8.50340326626788, 22.82195228635878, 24.583536101391143, 19.724679584306863]",0
289,93914,21.01492153323023,52.145838272962116,804,21.015261099819952,52.14571670016562,"[6.586823668922187, 20.905372689013095, 22.666956504045455, 17.808099986961174]",0
290,94060,21.014639278164456,52.1449706910311,754,21.01533060032699,52.14535280029156,"[6.594089456210276, 20.912638476301183, 22.674222291333543, 17.815365774249262]",0
291,94129,21.013687239165574,52.14096209807368,727,21.01526390030881,52.14075280040146,"[7.108525497063005, 21.42707451715391, 23.188658332186275, 18.329801815101987]",0
292,94439,21.05162220119525,52.13039416937001,600,21.050547199993332,52.13079999972024,"[9.530770998705558, 22.41577593577123, 25.48299331145584, 20.470652730013516]",0
293,94750,21.013065821464608,52.13314363830547,624,21.01200559987859,52.13403060013212,"[8.173339115528082, 22.622161366376446, 24.38374518140881, 19.524888664324525]",0
294,95749,21.061986356719842,52.18295756927978,2311,21.06201389962183,52.18354999963282,"[5.867571450517261, 15.24969366686752, 18.721465315637037, 13.709124734194713]",0
295,96060,21.055861756368042,52.293974460299665,8494,21.057258299930652,52.292286100123476,"[13.845362229261731, 16.09281343353942, 9.07979867414356, 2.2427731964451274]",3
296,96195,21.05590740929152,52.284575678285954,8204,21.05501670016065,52.28355560041069,"[13.12205744957304, 15.321373146727856, 9.686709298271744, 1.8879943253827254]",3
297,96309,21.029597862637193,52.28327012271199,8150,21.02822499978396,52.28243610004603,"[12.501297584659756, 17.09255043180777, 7.747979827654119, 4.1021851777049045]",3
298,96333,21.023146358770845,52.282241242141545,8120,21.022105599793633,52.2817332996521,"[12.55790819544885, 17.149161042596866, 7.6067315023725, 4.612215477570092]",3
299,96468,21.055616909608947,52.27153093918155,7652,21.056049999607865,52.27109170012193,"[11.660320620431728, 15.06671624211361, 10.719052995362484, 2.392536274954538]",3
300,96787,20.991070869475305,52.27056541091633,7616,20.991727799698253,52.270427799903075,"[9.637945767748581, 17.64174817243876, 7.9593367094871015, 7.8928533595400125]",3
301,97285,21.013788571505643,52.23169784160261,5286,21.015452800206617,52.23249439959693,"[5.389417457144729, 14.698161931668642, 12.763650894889306, 7.904794377805027]",0
302,97503,21.018924235382688,52.2349365578262,5468,21.018355600430652,52.235638899815456,"[5.78096211865635, 14.510753800838115, 12.23208192829208, 7.373225411207802]",0
303,98155,21.0270305937059,52.22720177647498,5060,21.027605599818628,52.22812500026862,"[5.325644756858802, 13.875040609745529, 13.454518128467408, 8.595661611383127]",0
304,98203,21.036656067840013,52.22546426435267,4924,21.037055600335748,52.22531109982742,"[5.4187903198125245, 13.09581428309949, 13.7299132954443, 8.87105677836002]",0
305,98383,21.012103308586468,52.2221339094246,4757,21.01263610017594,52.22254719989343,"[4.120698337187123, 14.799200755474445, 13.764832980796152, 9.349537169902788]",0
306,98408,21.023020836809614,52.225545087247134,4975,21.023402799899372,52.226494399896694,"[4.754878071398497, 14.251808272894333, 13.316953602383913, 8.458097085299633]",0
307,98442,21.03366748105067,52.23072197814454,5189,21.03405559958628,52.230516699586076,"[5.895707052767058, 13.733063470870771, 13.082237215414816, 8.21116624800513]",0
308,98642,21.04429903165559,52.260884792918375,7225,21.045200000179932,52.26194720020317,"[10.070125960043637, 14.521359542683282, 10.192354657011862, 3.5750896324133823]",3
309,98683,21.043974053700957,52.26161954231986,7225,21.045200000179932,52.26194720020317,"[10.070125960043637, 14.521359542683282, 10.192354657011862, 3.5750896324133823]",3
310,98853,21.053369549404344,52.26078658093363,7171,21.053588899608087,52.26072220036929,"[10.403478913083088, 13.696978527050964, 11.01673567264418, 3.3987564446092815]",3
311,99097,20.91879102271285,52.234709798748355,5490,20.91932780013792,52.23494719975349,"[9.920184813023049, 22.191412307074867, 14.940837683197854, 13.434988307148888]",0
312,99550,20.968652308560532,52.20390739567612,3469,20.96911670037548,52.20255829972581,"[2.474708258782851, 18.60801641507111, 16.537907078484146, 12.529415958887215]",0
313,99849,20.97216872594904,52.21601699757525,4436,20.971244400109015,52.216738899680536,"[4.232446033555428, 17.69071778265189, 15.32179538085429, 11.313304261257358]",0
314,99930,21.07778189723702,52.2479926047361,6338,21.077522200189435,52.24765000044721,"[9.900951880933361, 10.218124074945491, 13.219520956987656, 5.167772465651604]",3
315,99948,21.063302915276076,52.23066739432628,5141,21.062288899712996,52.2298472001882,"[7.1137625501767205, 11.203500458332464, 13.391711723585503, 7.644996181511545]",0
316,100286,21.054605172341414,52.23844309058181,5689,21.054991699907077,52.238794399641904,"[7.785394005023841, 11.730041488274102, 12.242066175840684, 6.8515096258403885]",3
317,100363,21.077636969355023,52.24458806431454,6146,21.0779444004138,52.244736099891156,"[9.565918754599812, 10.067172204438817, 13.11496052529524, 5.425557687513003]",3
318,100401,21.066437957320332,52.23605405319272,5573,21.066305600223302,52.237161100404535,"[8.308686054329094, 11.57772396540929, 13.036977618793575, 7.096484344905022]",3
319,100437,21.06947502918224,52.24776639011481,6372,21.06985000017744,52.2481055996937,"[9.726469441728097, 10.773958438366256, 12.59137629904913, 5.4726248832123625]",3
320,100882,21.073008247112394,52.248289807986495,6353,21.072777799755727,52.247877799620824,"[9.943322646549118, 10.537638271046891, 13.145014556859994, 5.4629189514058085]",3
321,101007,21.02214928974477,52.20415390834121,3583,21.023099999965098,52.20409440023644,"[2.419252983083422, 15.621759904343259, 15.919656010294775, 11.060799493210496]",0
322,101030,21.01750772605642,52.20104269267649,3347,21.017330599927277,52.200872200391814,"[1.772265245025672, 16.26788313666896, 16.568747288870462, 11.73639101553821]",0
323,101124,21.030225495028667,52.200932702696065,3334,21.02951940030016,52.20057499963656,"[2.424819634050015, 15.545242323226907, 16.611502376434903, 11.75264585935062]",0
324,101181,21.012967448631965,52.18930624675447,2649,21.01244170002451,52.18905280014667,"[1.6604618385317784, 17.215652635146895, 17.855195892078367, 13.396905149029195]",0
325,101462,21.01849855253783,52.18803857655217,2569,21.017638900115173,52.18804719981847,"[2.0752512834972503, 16.835160354128146, 17.828303374021015, 13.280788533327248]",0
326,101712,21.004940426186856,52.20363221286261,3593,21.004174999576605,52.204224999783946,"[1.5656466226989738, 16.56516329467142, 16.20560760761976, 11.762512660248225]",0
327,101783,21.02372306395796,52.203067452866776,3498,21.023361100134707,52.202852799816924,"[2.279949818369126, 15.761063069057554, 16.058959175009072, 11.200102657924791]",0
328,102093,21.170830547967086,52.25374010040132,6838,21.172480599699952,52.25405559978617,"[16.007797627388996, 8.838279748737294, 20.57166692976023, 10.360055351758758]",1
329,102155,21.042130204821483,52.27610394422809,7890,21.041680599580047,52.27649720028563,"[12.534856733953575, 16.651538689271046, 10.374518036095688, 3.7196817650416434]",3
330,102207,21.06639533602403,52.266325329068074,7423,21.0689055996138,52.26603889967555,"[11.781825778590918, 13.147456338244607, 12.310044762053602, 2.020409579101451]",3
331,102747,21.21735733982849,52.16758405177065,1461,21.218141699879595,52.167144399594406,"[20.024835090251166, 4.571497083912519, 26.96981140459639, 18.460078349129763]",1
332,102922,21.161608851226756,52.267870220637995,7565,21.162558300425246,52.26917500022614,"[16.817173849900385, 10.723808240781137, 20.20018811347099, 9.988576535469518]",3
333,103475,21.15254465376908,52.19763884628121,3131,21.153108299908183,52.19678329960965,"[13.938294022145108, 4.986459373130832, 22.09922735021281, 14.28729618833126]",1
334,103495,21.12497547237249,52.19957836220579,3348,21.12563609962632,52.200872200391814,"[11.3184454121354, 7.584436766110646, 19.4793787402031, 12.187271776838145]",1
335,103875,21.19103255798066,52.20540007863983,3811,21.19168610043323,52.20735279959206,"[17.586728309372493, 2.819072422842543, 22.628502029255866, 14.118768973789237]",1
336,103876,21.189980486880625,52.20552982597122,3714,21.188880599660024,52.20601110013223,"[17.510615880068233, 2.7429599935382822, 22.552389599951606, 14.042656544484977]",1
337,103908,21.185538274842806,52.19390527199974,2930,21.18699440027143,52.193361100434515,"[18.054010848192075, 0.19746236696379033, 23.095784568075448, 14.586051512608819]",1
338,103966,21.216499000799907,52.15255526726268,950,21.21707918055978,52.15260193403208,"[20.341836734973658, 5.601458881957932, 27.92880928920015, 19.41907623373352]",1
339,104410,21.221867248597842,52.219827236247475,4598,21.222791700276787,52.219919399760556,"[18.901588562296507, 5.704347347332917, 23.943362282179873, 15.433629226713245]",1
340,104479,21.196459092415814,52.25072136917381,6581,21.19583610025586,52.250300000344794,"[16.976814852546266, 9.159470771013655, 21.965183381096228, 12.440115452682317]",1
341,105014,20.952262671604064,52.200804236381586,3372,20.951547200442974,52.20044170032429,"[3.972815246025734, 20.10612340231399, 17.360504089751164, 13.950331698941623]",0
342,106050,21.06452281487468,52.24896587751506,6423,21.063699999855146,52.2488972000458,"[9.676509059045749, 11.233273721842703, 12.12550535378026, 5.725789612952186]",3
343,106657,20.96101807782343,52.32099023370278,9057,20.960663899619306,52.32147219958239,"[17.829716678543132, 23.24426987846774, 1.2148212563341758, 11.555006071896134]",2
344,107175,21.183509630428464,52.17976315152723,2038,21.184272200101987,52.17885830037034,"[16.60584151853581, 2.536696331808535, 24.487407363188236, 15.977674307721612]",1
345,107347,21.126796085238137,52.237973598964416,5584,21.12747219958237,52.23734169955986,"[12.069977340024398, 6.717050356253736, 16.752518752280782, 7.989215249150886]",1
346,107642,21.156180994534818,52.25474789225509,6883,21.15525830013047,52.25498060017463,"[14.74243017078828, 8.446064613080933, 19.462840101631162, 9.370676087545283]",1
347,107768,21.16710103736612,52.2638327625326,7298,21.166883300224185,52.262952799632046,"[16.039827607741, 9.743462050033653, 20.0233591123786, 9.811747534377131]",1
348,108088,21.106893851817173,52.24905860592633,6476,21.106916700445424,52.249472199582385,"[11.416203367548752, 8.76007279987889, 15.268351866782877, 5.772803865273687]",3
349,108229,21.094877297486555,52.12245762736487,482,21.09593330008181,52.12205000000756,"[12.386558837530568, 22.432450354867942, 26.186056661364166, 21.173716079921835]",0
350,108560,21.249821630424485,52.24979413514877,6453,21.249999999900126,52.24926939976302,"[21.132205539474704, 10.72526330643377, 26.12057406802465, 15.917887525251215]",1
351,108565,20.897868841904316,52.20797210807456,3891,20.89838330014925,52.20863060042194,"[8.649568443419847, 23.71178711588311, 18.583795586630025, 15.571318567300528]",0
352,109157,20.983206553865312,52.22890295979545,5174,20.9844332996571,52.230305599923554,"[4.856545453583927, 16.981284094320085, 13.016054785963536, 9.197727871785546]",0
353,109164,20.931845301489858,52.21690513499326,4464,20.932386100138444,52.21715830031536,"[7.92273583522591, 21.394481717065048, 16.164417572253, 13.151940552923502]",0
354,109259,20.9614742138158,52.182657462967406,2296,20.962341700009517,52.18396110042448,"[3.981790235949303, 20.822855855525003, 19.154936625406975, 15.146445505810052]",0
355,109541,20.985591388722657,52.1898194447601,2620,20.98488610021343,52.188750000212394,"[2.4661658520381637, 19.34136135660357, 17.959927291028784, 13.916721187819718]",0
356,109621,20.90348517243362,52.184149603462565,2405,20.904045288759107,52.1841144321354,"[8.03462207415672, 23.846128277349617, 20.494221788880505, 17.257561840788238]",0
357,110046,21.03226917297797,52.178240773811304,1976,21.03150829956843,52.17762220020444,"[3.756294817264726, 17.179441386635933, 19.214315631271994, 14.355459114187719]",0
358,110257,21.224506883091426,52.223097793912125,4764,21.22581110030211,52.222633300086784,"[18.77868268338638, 6.040226021893001, 23.82045640326974, 15.310723347803116]",1
359,110258,20.9640827209648,52.33409244297796,88,20.963474999571645,52.33333329959214,"[18.18170579742004, 23.59625899734465, 2.039800372913216, 11.906995190773038]",2
360,110775,21.039088115201682,52.31343604766026,8939,21.038083299704567,52.314577799825656,"[17.4199430724513, 20.807760130938387, 8.528493565683945, 7.225445790397744]",3
361,111700,20.919067118784774,52.20282167674642,3538,20.91818610000854,52.203316699805896,"[7.181373711937579, 22.275745356789823, 18.49838688829512, 15.485909868965622]",0
362,111794,20.907405065372913,52.206394744402786,3733,20.9080082997433,52.20622500028361,"[8.015121099248251, 23.077339771711507, 18.293517843103505, 15.281040823774008]",0
363,112015,21.15234541140386,52.21343163711369,4224,21.15214719983345,52.213136099551434,"[12.580774474143753, 5.925423865847627, 19.96837423624955, 11.458641180782928]",1
364,113084,21.137012878471776,52.18139742843778,2362,21.137344400323855,52.184494400196456,"[13.083290767364367, 5.675526799340952, 21.244224095432074, 13.952117132067116]",1
365,113102,21.18571358411493,52.18611256987571,2487,21.18599719961111,52.18646390018887,"[16.533383228731708, 1.8758481576662118, 23.48649039455147, 14.976757339084845]",1
366,113175,21.17715114136386,52.16244100444577,1226,21.1777889002376,52.162441699824626,"[17.118215600430375, 5.438385456711037, 25.279148928498078, 17.987041965133116]",1
367,113363,21.22742944671945,52.19642369429901,3152,21.22547779986064,52.19717500022614,"[20.89931296916776, 4.260215840551602, 27.039646591400913, 18.52991353593429]",1
368,113401,21.19583232030577,52.189031013606716,2735,21.1954722003818,52.19050829981825,"[17.951236531744268, 1.0725472585452107, 23.83848105639748, 15.328748000930855]",1
369,113450,21.198311854827427,52.18670808856333,2429,21.198227799573317,52.185527800367765,"[17.746447257321822, 1.8614558157059453, 24.343018522349812, 15.83328546688319]",1
370,113781,21.218492694657947,52.17293277936664,1651,21.216880600359445,52.17181940024517,"[19.526749727198958, 3.9996578486429293, 26.471726041544184, 17.961992986077558]",1
371,113827,21.233537096515526,52.172913499636145,1776,21.23426940041253,52.174249999737754,"[20.73920277531899, 4.748751246513894, 27.56648368091251, 19.056750625445886]",1
372,114503,21.083112810281317,52.17117276365006,1660,21.082913900256358,52.172002799889356,"[7.673162514410364, 16.67954839716883, 20.431615934635012, 15.419275353192688]",0
373,114664,21.107114038904093,52.177503400241044,1929,21.106563900004005,52.17701110008227,"[9.945812948727713, 16.239378550325856, 22.17252267657214, 15.717659585645995]",0
374,115435,20.95717317210725,52.26157403869732,7160,20.957763899884128,52.260519399650605,"[9.248064284056907, 19.40982300621106, 9.911364570845938, 9.940681862117996]",0
375,115794,20.908037854032397,52.28428342516605,8269,20.91197220015698,52.28507220002206,"[14.097665829326447, 23.405175364036886, 12.120909307396143, 13.575980164243754]",2
376,115989,21.004755487727273,52.26456296203817,7432,21.00152499967902,52.266211100062264,"[9.908025328704982, 17.725964019527986, 9.641920175218477, 7.977069206629239]",3
377,116312,20.99194787724124,52.30629897716746,8739,20.991922199849682,52.304524999928844,"[14.6038982299701, 20.01845142989471, 3.4321233807846316, 8.329187623323104]",2
378,116599,21.058575208162377,52.19028969282359,2789,21.058647200308087,52.1912693996631,"[5.085125745821667, 14.546703489075535, 17.613920864760146, 12.601580283317825]",0
379,116612,21.015466874604243,52.146084786258555,813,21.01525559956633,52.14619440025143,"[6.5336685872508395, 20.85221760734175, 22.61380142237411, 17.754944905289825]",0
380,116674,21.025613682270762,52.28726631774064,8335,21.025124999818956,52.28683330011677,"[13.023438151156475, 17.57720251183457, 7.214912902417706, 4.360168330843219]",3
381,116986,20.97461022367793,52.26099788265171,7108,20.974413899681792,52.2595917003967,"[8.809091949751519, 18.539696432202568, 9.743973012756257, 8.79080161930382]",3
382,117016,21.012092867135287,52.25092159228671,6685,21.011666700258047,52.251819400445015,"[7.780721963028627, 15.24222627051019, 10.276533817592332, 6.4858022705842115]",3
383,117216,21.01577653244627,52.24741853723245,6310,21.017011099582646,52.24716670028306,"[7.311566455333947, 14.599045074456184, 10.701477591614482, 5.842621074530205]",3
384,117346,20.98639445444415,52.266624784781364,7044,20.985949999992556,52.26568329964459,"[9.303289986496747, 17.773603991208397, 8.765029253773857, 8.024709178309646]",3
385,117568,20.939872271150744,52.32209883328953,9036,20.940869399603173,52.320183300219185,"[18.677706493565815, 24.092259693490423, 1.3357497357577, 12.402995886918811]",2
386,118188,21.077954832352955,52.29130848028646,8460,21.07862219965483,52.290916699745935,"[13.93997806682119, 15.765651298479753, 10.842053315495999, 1.5923415362320543]",3
387,118337,21.059980000271068,52.29107044607436,8446,21.061227800422728,52.290263899859156,"[13.98668459367801, 15.812357825336573, 9.541124419903271, 1.9623175882422847]",3
388,118571,21.068357888810162,52.28983687873872,8398,21.068738900380026,52.28885000012747,"[13.895435514103339, 15.721108745761901, 10.310691226771324, 1.750227497389477]",3
389,118607,21.08043603669587,52.28952993686234,8367,21.079919399760513,52.290494399696854,"[14.021529573142793, 15.847202804801356, 10.94226677285169, 1.4921280788763642]",3
390,118670,21.05466791531248,52.28970765428403,8402,21.055513900246353,52.288536099861176,"[14.159905423416234, 15.985578655074796, 9.664767284718192, 2.1355384179805066]",3
391,118774,21.068822478402822,52.289037167265555,8398,21.068738900380026,52.28885000012747,"[13.895435514103339, 15.721108745761901, 10.310691226771324, 1.750227497389477]",3
392,119153,21.073442827933864,52.28383649527753,8279,21.073211100312108,52.28469440022644,"[13.883044174307912, 15.708717405966475, 10.822334521151147, 1.796165646825733]",3
393,119366,21.079722653620006,52.28529703181352,8262,21.080188899598113,52.2849028001242,"[13.58108657300239, 15.3579928102434, 11.146486281653754, 0.8558901885497334]",3
394,119454,21.076060601277455,52.28632966823315,8307,21.07582780011296,52.286802799609575,"[13.48136495596216, 15.307038187620723, 10.585614919738378, 1.0804190916484882]",3
395,119871,21.082509088031692,52.28090790260363,8071,21.08183330006682,52.28059440001158,"[13.508274215535517, 14.856189307365037, 11.482860547115488, 0.3540866856713675]",3
396,120180,21.06483796920547,52.2802158702132,7948,21.06555280022161,52.280100000414734,"[12.942218926389495, 14.767892158048058, 10.639406822586903, 0.9178519209537674]",3
397,120553,21.06653205881469,52.27867127256328,7978,21.066808299663364,52.27844999986763,"[12.431554647497219, 14.257227879155781, 10.899163336991787, 0.8917114467089767]",3
398,120957,21.046975815214267,52.27560550107195,7861,21.04856940015776,52.27509170022182,"[11.95504754380473, 15.975237658746664, 10.558295609302725, 3.0433807345172625]",3
399,121083,21.038618315971416,52.273493907764816,7817,21.03911390028634,52.27494719985344,"[11.580709912373994, 16.01246722097232, 10.183957977871993, 3.080610296742917]",3
400,121133,21.085335531649076,52.27223149119858,7739,21.085741699719733,52.27308330005428,"[13.173038645013438, 13.872905909014738, 12.432024115124374, 1.5501569376849929]",3
401,121208,21.045659502264712,52.270282755427665,7643,21.046036099886123,52.27095830008551,"[11.485762699735604, 15.787404521097942, 10.089010765233601, 3.1132245539388697]",3
402,121262,21.054599193237785,52.267804717832824,7500,21.05434440027392,52.26706940043255,"[11.462485703500175, 15.200137397817832, 10.829168425300306, 2.525957430658758]",3
403,121477,20.97786825616755,52.27613556313274,7892,20.978116699925806,52.27654169963978,"[10.447820682860636, 19.05730759993952, 7.544866863965155, 8.99993772081277]",2
404,121808,20.987490287667033,52.27249284246387,7731,20.988619400065318,52.27292780007798,"[10.151714920896534, 18.047551313866425, 8.051923765796925, 8.298656500967674]",2
405,121885,20.99016482226755,52.271613591322456,7650,20.989863899899092,52.27109170012193,"[9.891088017735436, 17.894890422425615, 8.195142814265093, 8.145995609526869]",3
406,121980,20.93337900390433,52.237028726989394,5511,20.933497199935857,52.23645830001061,"[8.26666482686416, 21.019181641634226, 14.146712805401371, 12.262757641708246]",0
407,122235,20.94357754676165,52.24783131663956,6402,20.94304440007903,52.24857780042521,"[8.630551824364, 20.61706497986218, 12.678730714981423, 11.633501245188892]",0
408,122373,20.961151360270122,52.186461096933094,2518,20.960533300071802,52.18680279980941,"[3.6981514472222994, 20.539217066798, 18.683367261991673, 14.674876142394746]",0
409,122503,20.958340865650456,52.186561037235236,2462,20.958141699679743,52.18605559988606,"[3.9402860883357036, 20.7813517079114, 18.725818435549453, 14.717327315952527]",0
410,123049,20.91609008387008,52.20186907210961,3373,20.91617219958738,52.2012943997168,"[7.010555286399032, 22.62214424358504, 18.651942103992234, 15.639465084662733]",0
411,123123,20.91262122761273,52.20205587731509,3422,20.91381669978091,52.20197219985721,"[7.188405579965361, 22.765063083034267, 18.639514467804627, 15.627037448475127]",0
412,123632,20.897532923720224,52.20348346476191,3507,20.897288899862872,52.202933299931885,"[8.79583570202204, 23.858054374485306, 19.218522210016037, 16.206045190686545]",0
413,123847,20.923590459455337,52.19847016070921,3156,20.9237277997982,52.19721109991241,"[6.190339231268966, 22.00184543446185, 18.64993894599275, 15.41327899790048]",0
414,123977,20.87613379876146,52.248847307215755,6412,20.87578890033751,52.24868610038328,"[13.70083304872928, 25.9720605427811, 16.79080161396764, 17.134901748769217]",0
415,124316,20.90675717660709,52.216894523019995,4539,20.906141700179376,52.218769399788016,"[9.399911772215972, 22.620688032144624, 17.23294738510326, 14.235713493095268]",0
416,124621,20.912129922851573,52.221578188093545,4748,20.913252799677025,52.22231939982049,"[9.130057662712636, 22.35083392264129, 16.56691685683222, 13.96585938359193]",0
417,124639,20.917959129356515,52.22974610519909,5109,20.91820560000849,52.229444400139016,"[9.327952608180642, 22.239412983185627, 15.446102957258978, 13.482988983259647]",0
418,124897,21.110394509946325,52.22311128074695,4808,21.110341700109416,52.22332500014869,"[9.615978893685263, 9.29308680168409, 17.77691222175296, 10.484805258388006]",1
419,125595,21.138078424631516,52.22541882327107,4890,21.13845559994604,52.22477499956665,"[12.421172814193376, 5.787517450878904, 18.37724889438764, 9.867515838921015]",1
420,125644,21.141714610224092,52.22549155931734,4944,21.14147220038177,52.22598610037829,"[12.560628910526077, 5.409433046750846, 18.130060577861563, 9.620327522394938]",1
421,125660,21.142740329640223,52.22543351650413,4947,21.14362779978319,52.22606110023963,"[12.759544550270812, 5.210517407006111, 18.14439647667252, 9.634663421205893]",1
422,125770,21.146131470505892,52.224223804882605,4846,21.146108299958144,52.223952799781955,"[12.945872501562148, 5.08347849441537, 18.4338635669437, 9.924130511477076]",1
423,125869,21.153167095964484,52.22548174283719,4899,21.153774999716518,52.22487220009202,"[13.866017999445093, 4.373085679896831, 18.907791719328465, 10.398058663861844]",1
424,126453,21.205233033229643,52.21859074728543,4600,21.20438330014923,52.21993610017091,"[18.026061165434108, 4.865077266616864, 23.06783488531747, 14.558101829850841]",1
425,126823,21.17554400579617,52.212783060480454,4214,21.17530279998431,52.213016700160665,"[16.315443635286492, 3.0760196287264714, 21.35721735516987, 12.847484299703243]",1
426,127178,21.18489993138739,52.1532537952438,940,21.185099999965075,52.15351670013564,"[17.96253396271978, 6.2494825130647715, 26.123467290787485, 18.831360327422527]",1
427,127483,21.180406228171783,52.17772379128658,2041,21.182144399644358,52.178891700291786,"[16.460244132175383, 2.6517554554824536, 24.341809976827808, 15.832076921361185]",1
428,128730,21.17777002271492,52.15804434100853,1110,21.178969399818016,52.15928610017346,"[17.990517225350388, 5.826215005585555, 26.15145055341809, 18.859343590053133]",1
429,128895,21.155689644295812,52.17249521540658,1668,21.154900000334806,52.172105599593806,"[14.831628986448145, 5.3686963303828446, 22.992562314515848, 15.700455351150891]",1
430,128973,21.157763357041844,52.20248122209384,3500,21.158541699739715,52.20291389975671,"[14.016169248085621, 4.886712930160429, 21.731716688668453, 13.221983633201829]",1
431,129158,21.12219097671702,52.19851069348924,3127,21.11986110040948,52.19674719992338,"[11.090381511556497, 7.66843605514882, 19.251314839624193, 11.959207876259242]",1
432,129427,21.115462498563133,52.207192393604686,3875,21.115000000349767,52.208299999745236,"[10.102686270874583, 8.888106309734994, 18.263619598942284, 10.971512635577328]",1
433,129523,21.16689963264179,52.17364249287809,1669,21.164394400381298,52.17211109984743,"[15.584575655809207, 4.615749661021782, 23.745508983876913, 16.45340202051195]",1
434,129918,21.2057585231636,52.1809901398317,2162,21.20728329988441,52.18106669986838,"[18.360113920903334, 2.394348524452433, 25.212080958851057, 16.702347903384435]",1
435,130642,21.234928334525634,52.18163060336984,2114,21.235547200343092,52.18033609963135,"[20.43607372656898, 4.445622197763886, 27.263354632162507, 18.75362157669588]",1
436,130682,21.246888466588143,52.178851421707456,1940,21.24793609987114,52.177172200136965,"[21.897191002365492, 5.906739473560398, 28.724471907959018, 20.214738852492385]",1
437,131066,21.217666115646256,52.16192459148932,1225,21.217980599824898,52.16243060039193,"[20.02645899541567, 4.850749558863086, 27.249063879546956, 18.73933082408033]",1
438,131155,21.21836888991107,52.162992197275805,1210,21.218611100122246,52.16357500028607,"[20.04930445083258, 4.8735950142799975, 27.27190933496387, 18.76217627949724]",1
439,131243,21.21856312525328,52.165358794015056,1174,21.21849439959692,52.165188900247585,"[20.16276798007615, 4.7094299737375085, 27.107744294421376, 18.59801123895475]",1
440,131283,21.218377181735946,52.15970165376399,314,21.218594399711833,52.16004720001831,"[20.15411969035525, 5.002239286725292, 27.40055360740916, 18.890820551942536]",1
441,131374,21.19331684594982,52.15503367793771,1052,21.191088900232614,52.1572611003196,"[18.170858116440943, 5.347608891117563, 26.331791444508642, 18.703574502712662]",1
442,131409,21.18825833527726,52.153015259760096,921,21.18706670036795,52.152774999566645,"[17.997316572345966, 6.284265122690954, 26.15824990041367, 18.866142937048707]",1
443,131572,21.194804373947775,52.1692734850982,1518,21.19402780014292,52.16898890011771,"[17.754937037313134, 3.6638691163498076, 25.749205853197456, 17.23947279773083]",1
444,131673,21.224016551984345,52.165335740332175,1337,21.224852799816915,52.16590830032783,"[20.60519342313069, 5.151855416792044, 27.55016973747591, 19.040436682009286]",1
445,131740,21.22733400250281,52.1607664516256,1181,21.225991700356758,52.16120559965873,"[20.848114995929674, 5.686178369095021, 28.084492689778894, 19.57475963431226]",1
446,132344,21.21491191182242,52.25314721465539,6695,21.215297200005807,52.251994400421324,"[20.028489452349383, 9.621547219308452, 24.799013944732923, 14.587402366731443]",1
447,132431,21.21936437135765,52.21346840976837,4308,21.21954719994335,52.214541700339225,"[19.394467394716322, 4.908637541331713, 24.436241114599685, 15.926508059133061]",1
448,132637,21.230580199266456,52.214976010719546,4359,21.23166110027961,52.21547220008205,"[19.905483484889658, 6.215656508030628, 24.947257204773013, 16.43752414930639]",1
449,133594,20.92787902997243,52.30770084891858,8812,20.92796940006781,52.307519399700595,"[15.375852186194484, 24.284008082101757, 11.57189803899755, 13.026968895845162]",2
450,134253,20.882487633468227,52.297397796556396,8608,20.881927800327787,52.29750280021409,"[16.94290387885692, 26.250413413567358, 14.966147356926623, 16.42121821377423]",2
451,134816,20.898285170983005,52.28252393391772,8074,20.89816110015471,52.2806638996193,"[14.650845591165446, 24.69256053796943, 13.532262758263373, 14.94366572507068]",2
452,135436,21.063820404851896,52.22417258043455,4893,21.062686099683788,52.22480559989856,"[7.059810038385309, 11.519840193862844, 13.745242443765312, 7.961335917041923]",0
453,135457,21.076728903228407,52.22434376489045,4802,21.077688900322528,52.223199999780206,"[8.289903737244522, 11.665265972982837, 14.902217883243093, 8.861706481270291]",0
454,135494,21.04984384975457,52.232970911955256,5292,21.050413899781688,52.23263610037577,"[7.359454727211862, 12.257608900644236, 12.708342921807215, 7.503609211975968]",0
455,135508,21.050606818553575,52.23287176508072,5292,21.050413899781688,52.23263610037577,"[7.359454727211862, 12.257608900644236, 12.708342921807215, 7.503609211975968]",0
456,135574,21.04901582766573,52.23525389515904,5407,21.04932499974899,52.2347694001877,"[7.471034242384008, 12.455961517888124, 12.455578233474098, 7.2809059258055315]",3
457,135855,21.062059253866416,52.23832618305454,5690,21.062011100032294,52.23879999972024,"[8.357314595587594, 11.427819811819395, 12.726698568782139, 6.786205294893586]",3
458,136754,21.008507836387757,52.14416086513123,768,21.009177800415216,52.143613899961565,"[7.043012775599009, 21.384561880880625, 23.146145695912992, 18.287289178828708]",0
459,136784,21.00343787382006,52.14186988752633,736,21.00243610014593,52.14221390015143,"[7.107920969923252, 21.897221488382208, 23.6472268201206, 18.79994878633029]",0
460,136790,21.009035782448684,52.14374686417854,768,21.009177800415216,52.143613899961565,"[7.043012775599009, 21.384561880880625, 23.146145695912992, 18.287289178828708]",0
461,137098,21.01100812628535,52.11965906095289,467,21.01008329990441,52.11981939984548,"[9.899703817443482, 24.21825283753439, 25.97983665256675, 21.120980135482466]",0
462,137225,21.014777364825193,52.12913346050523,576,21.01566389986914,52.129291699952034,"[8.385368180902747, 22.703917200993647, 24.465501016026014, 19.60664449894173]",0
463,138534,21.026345637243836,52.185901240067494,2480,21.026822200384288,52.18638890032753,"[2.921670190074346, 15.988741447551044, 18.039313217052655, 13.18045669996837]",0
464,138675,21.025589295187757,52.177644179819985,2029,21.02630279963455,52.178652799886834,"[3.382169526124003, 17.21039032573868, 18.971974140771035, 14.113117623686756]",0
465,138722,21.024425677336215,52.1745328058075,1629,21.024602800379,52.174163900443716,"[3.886924028297025, 17.723253681607456, 19.484837496639805, 14.62598097955553]",0
466,138731,21.022815833131705,52.17590593759258,1908,21.022824999873876,52.17667500005126,"[3.4620110756278204, 17.318674846440025, 19.080258661472378, 14.221402144388101]",0
467,138810,21.028115144620823,52.1763283945371,1865,21.028208300272865,52.17592780012791,"[3.8284434940429537, 17.4770017067503, 19.286464308050224, 14.427607790965949]",0
468,139168,21.06009441980793,52.179915669935795,2113,21.059477799760714,52.18029999994508,"[5.795513454499561, 15.690202616561736, 19.15767890319392, 14.1453383217516]",0
469,139220,21.060372495920245,52.17347402613437,1784,21.05870830024793,52.174499999575346,"[6.062967993716931, 16.58334647457326, 19.934601049112487, 14.92226046767017]",0
470,139588,21.0104484216282,52.14683387447581,291,21.0107638996343,52.146966700253074,"[6.793176050944479, 21.251961510973505, 23.013545326005868, 18.154688808921584]",0
471,139619,21.01052608396767,52.15515249632812,1060,21.00948060034949,52.15745560029575,"[5.2857673668797345, 20.113516933847684, 21.82507321707708, 17.016244231795767]",0
472,139820,21.01959611340064,52.149878681291675,859,21.01941390013144,52.15027219980226,"[5.976986355710625, 20.29553537580153, 22.057119190833895, 17.198262673749614]",0
473,139884,21.024348953279645,52.15273004090796,889,21.022694400326372,52.151669400022854,"[6.952739125440046, 21.27128814553095, 23.032871960563316, 18.17401544347903]",0
474,141002,20.91370398060602,52.20502317317026,3718,20.91358889970803,52.20605279989684,"[7.571180533798187, 22.63339920626144, 18.160826332962863, 15.148349313633364]",0
475,141042,20.863289088628274,52.19421318832629,3027,20.862172199587405,52.19491109996733,"[11.348164656577856, 26.7137254167985, 22.074193252329238, 19.06171623299974]",0
476,141433,20.985910764009066,52.25299955755973,6822,20.985700000154907,52.253897200395556,"[7.627180420504712, 17.269606669518904, 10.489360554094088, 8.16134695430721]",0
477,141453,20.9887852171278,52.25112011589431,6696,20.988580599714965,52.25199999960034,"[7.393269968694495, 16.981053188923855, 10.658599636217755, 7.87279347371216]",0
478,141508,20.997150494726334,52.24973639945938,6653,20.996752800301522,52.25129720010574,"[7.46188951268248, 16.563457826615018, 10.449734388491374, 7.663928225985778]",0
479,141525,20.994642496446282,52.248569800397064,6484,20.99521109971255,52.24953330042155,"[7.193171864880958, 16.294740178813495, 10.57062255734084, 7.538316178887515]",0
480,141683,21.007813294430672,52.25192574217001,6673,21.008088900382518,52.25165830039032,"[7.662273596218347, 15.580812132541398, 10.2866541157113, 6.82438813261542]",3
481,141844,21.166768922719005,52.16043995673174,1166,21.169186099758747,52.16086670003824,"[16.45519402232329, 6.1014070348181235, 24.616127350390993, 17.324020387026035]",1
482,142392,21.05716939509257,52.30994526778392,8852,21.055750000162448,52.30912220022941,"[17.21996446745246, 20.607781525939547, 9.490183003957844, 7.025467185398903]",3
483,142805,20.95774025605939,52.31756619887556,9031,20.95624720044799,52.31993609997107,"[17.597282477235687, 23.011835677160295, 0, 11.32257187058869]",2
484,143559,20.957350875621508,52.28055063935271,8069,20.957675000101233,52.28053890015019,"[11.266917720317885, 20.426953495703174, 8.694815012091313, 10.14988586893893]",2
485,143809,20.952874379089653,52.26867390528627,7567,20.952547199793514,52.26919440040132,"[11.07653446826197, 20.581009340505346, 9.863200409070735, 10.832114527606596]",2
486,143846,21.10101258709799,52.24154997075265,5911,21.101474999871414,52.24129439981675,"[10.354104572530588, 8.402195826505729, 14.860411759151464, 6.373383131638772]",3
487,144008,21.106475340427227,52.242351074285956,5917,21.10669720021565,52.24138889967804,"[10.776537625073559, 7.947062933731368, 15.064772743428925, 6.577744115916232]",3
488,145095,21.106605262753924,52.17147421274356,1634,21.107075000011264,52.17158609991861,"[10.601709023795511, 16.895274625393657, 22.828418751639937, 16.37355566071379]",0
489,145211,21.072436451049594,52.169573369176874,1544,21.07371389957683,52.169700000354794,"[7.26445454504392, 16.839791067589182, 20.59185860505537, 15.579518023613046]",0
490,145421,21.05347184879135,52.14484390193952,290,21.05180559974866,52.14540000030985,"[7.623943870368932, 20.50894880743461, 23.576166183119224, 18.563825601676896]",0
491,146102,21.045145600555554,52.14632104418753,783,21.043605600218314,52.144905599813626,"[7.614008914584574, 20.49901385165025, 23.566231227334864, 18.553890645892537]",0
492,146291,20.987910879847217,52.19568506131717,3181,20.98734720021315,52.19396670030301,"[1.3606973543827012, 18.67098550518577, 17.451146006210756, 13.407939903001694]",0
493,146926,21.03911475374382,52.202612655490846,3432,21.03944169957481,52.202099999815175,"[3.142514732642747, 14.827547224634175, 16.403931503870382, 11.545074986786101]",0
494,147230,21.03522412207289,52.20332791881436,3546,21.035450000217395,52.20347779986065,"[3.113561924108653, 14.974597250758338, 16.139820155969474, 11.280963638885193]",0
495,147247,21.06488537143629,52.212704062162835,4203,21.06542219977473,52.21291670004575,"[5.90942288269353, 12.299602719473254, 16.468701692931507, 11.456361111489183]",0
496,147390,21.052674120166518,52.181194507851174,2099,21.053097199776005,52.17996110032459,"[5.59766122588394, 15.812415097918278, 19.0450951590403, 14.032754577597983]",0
497,148081,20.9319434427966,52.303064559832414,8736,20.933319400370067,52.303113899786695,"[14.918703830564324, 23.826859726471593, 11.114749683367393, 12.569820540215002]",2
498,148243,21.02435085125011,52.17362931719353,1629,21.024602800379,52.174163900443716,"[3.886924028297025, 17.723253681607456, 19.484837496639805, 14.62598097955553]",0
499,148483,21.016745179444047,52.2614564280624,7205,21.016263899659293,52.26117779961584,"[9.431731055916574, 15.186105953490905, 10.571073343400311, 6.237165309699654]",3
