,db_index_budynki,coordsY_budynki,coordsX_budynki,db_index,coordsY,coordsX,distances,klasyfikacja
0,186,21.02499107309441,52.268094730514086,7472,21.026363899574335,52.266966699653494,"[5.2299558270137, 13.239934912751536, 11.947619058859406, 11.701285360576435, 11.320502313293753]",0
1,250,21.006458460820355,52.31614598957712,8992,21.005688900322525,52.31538060033449,"[1.7448736327839338, 19.666578558945204, 18.14845922990204, 18.127929006770106, 16.69141089382883]",0
2,316,20.959221375156886,52.25656975267638,7152,20.9577889001377,52.258155600000975,"[7.86263582394232, 14.710571148963803, 16.052668328107643, 11.404168460826995, 8.432607125970808]",0
3,565,20.976362738066562,52.21929092061788,4514,20.977761099894906,52.218905600313235,"[12.508662790792682, 10.522265788188749, 13.789643406938897, 6.849301711180672, 6.501900433487744]",4
4,572,20.99702420603972,52.22563153533965,4925,20.99658329967957,52.225327800237835,"[11.272372147148886, 9.506206183280758, 12.460483516166164, 6.199803495143952, 7.117211169453821]",3
5,628,21.020133407855326,52.14212696062877,703,21.02142779965328,52.14129719960613,"[20.445443675563244, 8.942853344772859, 17.81996400728863, 4.401287915738593, 14.669227383880948]",3
6,693,21.15516174537044,52.25925587128547,7101,21.155261099720008,52.25944440043878,"[14.591158307633025, 14.519910078805987, 5.257046515540078, 16.1290899812825, 19.337495558071037]",2
7,715,21.140912539127395,52.24409015955781,6212,21.140855600005978,52.24583060000225,"[14.825401084486241, 12.217229487735475, 3.123825047865015, 13.826409390211987, 17.803287771531576]",2
8,1642,21.077051542778353,52.17533270023355,1864,21.076791699777175,52.17591669979589,"[17.00568856949612, 2.2099294975904797, 12.389725178787668, 5.019891004007571, 15.450990545850232]",1
9,1706,21.060285601409166,52.14000019826796,728,21.060958299685808,52.14080280000928,"[21.47375600840559, 6.4077391893509645, 17.542642779478726, 5.923074275988933, 16.19101374413129]",3
10,1732,21.02376676655964,52.13857400202236,670,21.024483300264137,52.13793889996032,"[20.98358866555365, 9.480998334763266, 18.358108997279032, 4.939432905728998, 15.207372373871353]",3
11,1778,21.01680921902794,52.12200223338294,478,21.018261099670042,52.12167499980143,"[22.425204957710537, 10.736525380501536, 19.79972528943592, 6.381049197885891, 16.648988666028252]",3
12,1781,21.010076689702654,52.11028150268215,395,21.009447200427985,52.11048609985369,"[24.206513382952192, 12.517833805743185, 21.58103371467757, 8.16235762312754, 18.430297091269907]",3
13,2011,21.132917506124684,52.15306307866179,704,21.131736100340788,52.152702800194106,"[22.922423812377165, 6.240710688181062, 16.125383832888623, 9.727854791635073, 20.54035376060694]",1
14,2097,21.027086373696033,52.11474307542656,423,21.03160829968334,52.11325559986608,"[24.135044451916418, 12.446364874707417, 21.5095647836418, 8.09088869209177, 18.358828160234136]",3
15,2127,21.101943849279763,52.11470835341387,474,21.098847199738543,52.11694440036382,"[24.178777556068756, 8.176977402763875, 19.561275396330267, 9.962447514476304, 20.418472574049865]",1
16,2231,21.159555478882588,52.2586034144708,7060,21.16091110036706,52.25867220026191,"[15.000175780954994, 14.319159015777718, 5.05629545251181, 15.92833891825423, 19.746513031393004]",2
17,2283,21.17131814018653,52.28411346842821,8258,21.172188900097694,52.28574170031925,"[0, 0, 0, 0, 0]",0
18,2305,21.170649531073867,52.28183839125797,8080,21.170244400358854,52.280849999927625,"[0, 0, 0, 0, 0]",0
19,2445,21.171243695420582,52.26929412420893,7564,21.170319400220194,52.26916670038298,"[16.234254838989475, 15.727985512089086, 6.465121948823179, 17.3371654145656, 20.98059208942749]",2
20,2453,21.150119423997666,52.26411536865022,7400,21.14943609999608,52.26547499957161,"[14.857937329489117, 14.796544368667169, 5.9027261125729975, 16.405724271143683, 19.604274579927132]",2
21,2636,21.168425276531586,52.2695074764593,7532,21.16902780019285,52.26853610026086,"[15.975398033216566, 15.689312705996182, 6.4264491427302755, 17.298492608472696, 20.72173528365457]",2
22,2738,21.16538906350285,52.26776063960643,7401,21.165541699689754,52.2673027996845,"[15.614470028691455, 15.553077067869506, 6.372353953283698, 17.162256970346014, 20.360807279129464]",2
23,3116,21.06533531975962,52.28361661871157,8195,21.066449999867643,52.28339169986708,"[6.016198980092227, 15.614599132157435, 11.302648944070045, 14.229433644340375, 14.308772753833459]",0
24,3137,21.066805204886773,52.283075846019145,8195,21.066449999867643,52.28339169986708,"[6.016198980092227, 15.614599132157435, 11.302648944070045, 14.229433644340375, 14.308772753833459]",0
25,3208,21.067809973523698,52.28097880377158,8101,21.068144399944174,52.28131110032706,"[6.269671267154586, 15.330742749176236, 11.018792561088846, 13.945577261359176, 14.02491637085226]",0
26,3282,21.071392635488372,52.26413503971668,7424,21.07068059963001,52.26406939968308,"[8.164563717349331, 14.18184723259957, 9.811014952778695, 13.197842325053896, 13.27718143454698]",0
27,3356,21.074301284296084,52.27763508626116,7982,21.074458299910646,52.278549999982545,"[6.851861055665039, 15.143318019847436, 10.772401344852515, 14.120333185088697, 14.19967229458178]",0
28,3377,21.069559698062662,52.27697076847991,7921,21.06794439971435,52.27716109960511,"[0, 0, 0, 0, 0]",0
29,3443,21.03839847904239,52.273712771327205,7817,21.03911390028634,52.27494719985344,"[5.787833689758047, 14.245143750182267, 12.425382592096732, 12.746083215427298, 12.825422324920382]",0
30,3504,21.075380756115226,52.26827056006803,7130,21.07555830027536,52.268808299863224,"[7.740395392194529, 13.814392246688188, 9.443475571693266, 13.496066239620857, 13.575405349113941]",0
31,3639,21.0602660575779,52.27935748748194,7998,21.060350000052495,52.27898059987484,"[5.966559605227314, 15.098463242784923, 10.841969282428975, 13.713297754967863, 13.792636864460947]",0
32,3757,20.992728303573408,52.267998997202646,7503,20.99340000001007,52.26816389964432,"[5.962333726540548, 13.59064102018573, 14.078832103529736, 11.03264750557756, 10.054384023866614]",0
33,3758,20.9861685628434,52.2679582590816,7513,20.986852799716985,52.26836110028461,"[6.020350151700148, 13.709061484272121, 14.254943474364323, 11.049388795035462, 9.863591001819827]",0
34,4388,21.047137469133503,52.28883862325214,8442,21.04765559992603,52.29021939960569,"[4.42355674462932, 16.267827140212813, 13.02755199365985, 14.768766605457841, 14.848105714950925]",0
35,4429,20.93363855057466,52.22491302702029,4871,20.933747199773507,52.22443890043496,"[12.78229096986944, 14.179338899797681, 16.936948649484364, 10.347276228966368, 2.259841203099943]",4
36,4514,21.160693856891275,52.261745930174705,7253,21.160933300131774,52.26211939969062,"[15.020294654877283, 14.82029744806854, 5.557433884802632, 16.42947735054505, 19.766631905315293]",2
37,4546,21.159162584311357,52.25306449184639,6778,21.15842219962485,52.2532333001767,"[15.463867611020836, 13.939522493582873, 4.676658930316964, 15.548702396059385, 19.525580777378973]",2
38,4857,20.960001503380226,52.18590361709773,2433,20.959508299568427,52.18558890030755,"[16.463497330389444, 10.902798944131378, 17.10431260108821, 4.98719189519838, 7.239905101381238]",3
39,4991,20.938860207475177,52.18074429804207,2121,20.939272200052017,52.18040000005999,"[17.78029098426489, 12.650920076201185, 18.632560480746932, 6.735313027268189, 7.060164451681924]",3
40,5134,20.93722574608664,52.19687478129607,3101,20.93776669987335,52.196249999837676,"[15.771164932460856, 12.682055388306013, 17.905231580825028, 6.766448339373018, 4.784248268450163]",4
41,5388,20.897958211722987,52.20657556838438,3765,20.89758060036445,52.20674170036921,"[16.431775927264948, 16.19454375639922, 20.241373098193367, 10.278936707466219, 3.3570240053814318]",4
42,5820,20.875686314522873,52.190204300842346,2675,20.875300000094967,52.18949439964689,"[19.401884737188514, 17.46325633391113, 22.563470555388673, 11.547649284978133, 6.327132815304993]",4
43,5821,20.876225110373856,52.189856304905376,2745,20.876619399965364,52.190622199854715,"[19.247314377720993, 17.478398594852184, 22.57861281632973, 11.562791545919191, 6.172562455837473]",4
44,5876,20.880573520504367,52.19032291904405,2758,20.880205600408203,52.19075280030154,"[19.09532880345348, 17.238561754934373, 22.338775976411917, 11.322954706001378, 6.0205768815699585]",4
45,6114,20.870813144910084,52.18692762781702,2491,20.869805600148368,52.186474999621566,"[19.96234232483265, 17.951647353828516, 23.05186157530606, 12.036040304895517, 6.887590402949132]",4
46,6303,20.886249066383215,52.18603832994238,2444,20.88693060026702,52.18604169996456,"[19.539744481876287, 16.9240179951313, 22.024232216608844, 11.008410946198307, 6.4685246625341515]",4
47,6316,20.885711300130286,52.18566891913199,2370,20.885225000033756,52.18478060044441,"[19.540147005493584, 17.18758729201325, 22.287801513490795, 11.271980243080256, 6.465395083610063]",4
48,6443,20.887064501049984,52.1960376042996,3032,20.887183299869434,52.195061099690065,"[18.616210859089595, 16.517492255660837, 21.617706477138384, 10.601885206727843, 5.541458937206074]",4
49,6483,20.987360960911296,52.25391555907035,6822,20.985700000154907,52.253897200395556,"[8.120115765323435, 12.649522486086772, 13.68252204064332, 9.343119797949964, 7.94886907477245]",4
50,6538,21.015940835390385,52.24517943910496,6171,21.01796670030302,52.245172200037075,"[8.215640929280385, 10.165163894431762, 11.249312558879819, 8.251216153180511, 8.75675813681464]",0
51,6554,21.021375628867418,52.245307908431705,6113,21.02140829965333,52.24421109996234,"[8.347804343797302, 9.850871148390262, 11.037212054003268, 8.149010029971327, 9.012762659528972]",3
52,6603,21.01448202628286,52.223639863051204,4885,21.01478889998782,52.22469169986209,"[11.109250572247927, 8.47724723858844, 11.169112552931296, 5.715941892787666, 8.43523357133916]",3
53,6929,21.023309498766793,52.25613935115732,6921,21.0239528000817,52.2558417001344,"[6.955832759074905, 11.424915713189387, 10.706969515923232, 9.886266161014285, 9.96560527050737]",0
54,6992,21.0213424945785,52.27740893379768,7938,21.023500000424747,52.27722500003375,"[3.7912257962261986, 14.825205220561283, 13.164939601025438, 13.326144685806314, 13.405483795299398]",0
55,6993,21.020587117019108,52.27852758066425,7938,21.023500000424747,52.27722500003375,"[3.7912257962261986, 14.825205220561283, 13.164939601025438, 13.326144685806314, 13.405483795299398]",0
56,7211,21.186097215658044,52.205488948283865,3636,21.186641699654785,52.20488060015964,"[19.474637766865353, 15.291621173364524, 3.440367872900244, 16.90080107584104, 22.26784202233156]",2
57,7431,21.167953794079338,52.18957785981529,2670,21.168361100384516,52.189147200183186,"[20.19054063299807, 13.886065734219295, 6.097051328012064, 15.495245636695804, 22.23472251438175]",2
58,7637,21.144035501939452,52.1866000341932,2413,21.144319400020322,52.1852611001197,"[18.718553252870667, 11.41637705118551, 6.701469022395711, 13.025556953662022, 19.76503383134797]",2
59,7752,21.14430940664379,52.188583108471725,2646,21.14121110021216,52.18904720006827,"[18.43354001377357, 11.13136381208842, 6.226382403071412, 12.740543714564929, 19.480020592250877]",2
60,7787,21.173325834478177,52.18554098546352,2402,21.172122200079514,52.18515830041531,"[20.640298820169978, 14.020305912252944, 6.435311229642001, 15.629485814729449, 22.3689626924154]",2
61,8456,21.23574466541492,52.25302463702958,6830,21.233980600224584,52.25403609978622,"[20.173737310207873, 19.263859494128894, 8.312402791725624, 20.873039396605403, 24.84991777792499]",2
62,8457,21.23745336347158,52.25069400458701,6577,21.239172200236908,52.250263899759204,"[21.033185799147436, 19.33840697482977, 8.29810600847897, 20.94758687730628, 25.192423856332937]",2
63,8569,21.253444336409327,52.25081976615853,6649,21.25431109977751,52.25128060041942,"[21.74327284179652, 20.537382264213228, 9.497081297862428, 22.146562166689737, 26.391399145716395]",2
64,8652,21.23215509157578,52.25076805800366,6576,21.232777800155418,52.250263899759204,"[20.587542153360435, 18.87691870847553, 7.836617742124725, 20.486098610952038, 24.730935589978696]",2
65,8815,20.941771396464517,52.350520125234034,9340,20.941083299754553,52.350736100290874,"[7.566413873025621, 24.00115445566125, 22.708838601769113, 22.462504903486145, 20.695464515224447]",0
66,8971,21.03241670382995,52.35583183782142,174,21.03190000018492,52.35696109957513,"[6.780130975634509, 24.70183590179578, 21.66950814633809, 23.163186349620677, 21.726668236679405]",0
67,8991,21.04040717006931,52.35894511818417,272,21.039786100348294,52.359141700129385,"[7.349286181553898, 24.932342539887653, 21.61289995909817, 23.433282005132682, 22.050203827043298]",0
68,8999,21.04721396176055,52.360481612340855,9209,21.047436099696313,52.361738899930344,"[7.9472888765430305, 25.530345234876787, 22.210902654087302, 24.031284700121816, 22.64820652203243]",0
69,9126,20.96956654773265,52.35275308514335,9370,20.97042220032432,52.35290280002425,"[6.304982506357008, 24.02084520735702, 22.70856810347512, 22.482195655181915, 20.715155266920217]",0
70,9211,21.02312380770815,52.33696841558672,235,21.021749999762733,52.339083300354105,"[4.757762542300097, 22.67946746846136, 19.74666806810789, 21.140817916286263, 19.70429980334499]",0
71,9252,20.969415904084588,52.28422334802002,8202,20.96912219972978,52.283533299921885,"[5.603992698308726, 15.995756373150808, 16.541638363243013, 12.988403369853646, 10.524967953728877]",0
72,9265,20.98042464479987,52.28224318972594,8228,20.981905600363234,52.28416109955515,"[0, 0, 0, 0, 0]",0
73,9622,20.883733820032894,52.301890462011514,8709,20.88268890017264,52.302469399743075,"[12.273881677252193, 22.26225182602374, 22.911122124815517, 18.95584913788693, 12.9252294723235]",0
74,9755,20.88377138722985,52.28589716724961,8252,20.88091940041005,52.28480280000929,"[12.006984324007323, 21.424540241751348, 22.073410540543126, 18.118137553614538, 12.087517888051106]",0
75,10088,20.955442447428773,52.221463186253025,4661,20.955072200221935,52.22087780007047,"[12.482993654169585, 12.937855361996112, 16.205232980746263, 8.731028778581349, 4.323860668657228]",4
76,10156,20.94509067387736,52.23425972874259,5341,20.944186100208412,52.23357220019693,"[11.649418588266304, 13.907052413939617, 16.664662163626296, 10.074989743108304, 3.8891869078828547]",4
77,10316,20.948434507488468,52.18642480018147,2498,20.948802799609552,52.18662500024362,"[16.77640882437328, 11.64703791630957, 17.62867832085531, 5.731430867376575, 6.480206699327921]",3
78,10492,20.95016749895323,52.19309192896777,2845,20.9484222002244,52.192136099701315,"[16.42595664386465, 11.5222097729948, 17.278226140346685, 5.606602724061803, 5.8274116509348755]",3
79,10609,20.877392454870588,52.19050711228389,2745,20.876619399965364,52.190622199854715,"[19.247314377720993, 17.478398594852184, 22.57861281632973, 11.562791545919191, 6.172562455837473]",4
80,10770,21.0113497096619,52.23236119513228,5295,21.010061100139694,52.232652799886864,"[10.12447236668069, 9.462025444155671, 11.51533144352736, 6.7007200983549, 7.841436167187315]",3
81,10887,21.02824723092492,52.25796638756132,7014,21.02749999962532,52.25783060030204,"[6.291423062274706, 11.763791613988614, 10.410139210376679, 10.264731079233645, 10.344070188726729]",0
82,11280,20.949984696748643,52.19867411193842,3294,20.951083299554682,52.19973329985197,"[15.843434623322956, 11.753488482380455, 16.695704119804983, 6.624961796925218, 8.300666206988586]",3
83,11419,21.018871308734152,52.125739669327025,449,21.018141700279273,52.12593329958219,"[21.951307538984356, 10.26262796177535, 19.325827870709734, 5.907151779159707, 16.175091247302067]",3
84,11604,21.063030469469357,52.21142971026217,4160,21.063699999855146,52.2122417003942,"[13.554048197102814, 5.4635607860030095, 8.76633574335474, 6.253072559568078, 12.353147704603073]",1
85,11622,21.026550866835812,52.281343330648035,8089,21.025647200158232,52.280924999788965,"[3.2116961522400143, 14.852155064413935, 13.19188944487809, 13.353094529658966, 13.43243363915205]",0
86,11748,20.915621814963444,52.219306904798195,4540,20.91594440041382,52.2188360998062,"[14.205450581852098, 15.602498511780338, 18.360108261467023, 10.303315715028093, 1.130698659968579]",4
87,11886,21.06307805775279,52.14600550377637,788,21.063380600234552,52.145238900255094,"[20.867461775940672, 5.8014449568860424, 16.936348547013804, 5.583283898157619, 16.03930895773117]",3
88,12037,21.16402560301245,52.25397638300246,6862,21.16403890017517,52.25446669967852,"[15.597243934549866, 14.335889371638954, 4.920904923868391, 15.945069274115466, 19.92194765543505]",2
89,12128,21.16726821347005,52.253240028766086,6755,21.16783890004524,52.25286940030264,"[15.903122177633204, 14.641767614722292, 4.527772200622705, 16.250947517198806, 20.227825898518393]",2
90,12364,21.162775946600657,52.251414071709874,6622,21.162808300262896,52.250772200176925,"[15.869881970518312, 14.34553685308035, 4.413141990067946, 15.954716755556863, 19.931595136876457]",2
91,12517,21.12431524650693,52.250682520626306,6620,21.12288890010268,52.250763900333766,"[12.86452083546675, 12.803127874644796, 4.659255043253146, 14.412307777121308, 17.610858085904766]",2
92,12587,21.131556519259437,52.25018184038412,6587,21.13095560032076,52.25034720036308,"[13.45009968900989, 12.646748400314024, 4.1494836576370275, 14.255928302790537, 18.196436939447906]",2
93,12591,21.170246803643188,52.24944201833956,6465,21.170997200360546,52.249352800191616,"[16.442254402560284, 15.028940942046425, 3.988639975695623, 16.638120844522938, 20.625047411535714]",2
94,12655,21.168755737814323,52.249041591481436,6475,21.16787220014197,52.24946939999285,"[16.357868175119705, 14.833523057681747, 4.1169747053851555, 16.44270296015826, 20.419581341477855]",2
95,12680,21.12805868459632,52.24953542616046,6477,21.12837219971732,52.249472199582385,"[13.337364647422689, 12.78501478922991, 4.2877500465529135, 14.394194691706423, 18.083701897860706]",2
96,13292,20.858299126672037,52.198166196931396,3263,20.858561099615088,52.19918059990482,"[19.799262739364348, 18.700637891187668, 23.22095506372868, 12.785030842254669, 6.724510817480835]",4
97,13895,20.882258838967555,52.19181384006443,2815,20.88163059957259,52.1917721998272,"[18.83836437387546, 17.06944859100666, 22.1696628124842, 11.153841542073662, 5.763612451991944]",4
98,14053,20.916308287341636,52.22684094846485,4984,20.916002799689522,52.22675280030154,"[13.50132677671308, 15.98534374625334, 18.742953495940025, 11.199865753379656, 1.7332316294688486]",4
99,14118,20.916354221581663,52.23254219310111,5254,20.91662500014371,52.23198610007853,"[12.970745218167961, 16.097921539226657, 18.546215403989677, 11.870087376215595, 2.4034532523047876]",4
100,14126,20.916891454133914,52.23112939181761,5254,20.91662500014371,52.23198610007853,"[12.970745218167961, 16.097921539226657, 18.546215403989677, 11.870087376215595, 2.4034532523047876]",4
101,15476,21.111117780215938,52.20901796521766,3897,21.11086390044869,52.20876939998789,"[14.990247691472417, 7.688071489787267, 5.409637334821506, 9.297251392263778, 16.036728269949727]",2
102,15651,21.11323332282009,52.20950162852609,3918,21.112766700422924,52.20918059970495,"[15.128131883162771, 7.825955681477621, 5.54752152651186, 9.435135583954134, 16.17461246164008]",2
103,15660,21.114000119662247,52.211471446377416,4256,21.114552799871888,52.213747199673605,"[14.97749229087271, 7.675316089187561, 4.545252914429714, 9.284495991664071, 16.023972869350022]",2
104,15713,21.112943215549297,52.21367797588714,4264,21.114494399696866,52.21388609996359,"[14.993456030763438, 7.691279829078288, 4.529289174538987, 9.300459731554799, 16.039936609240748]",2
105,15716,21.112262722018855,52.214355051236645,4347,21.11365000014746,52.21534719971356,"[14.888428652599492, 7.586252450914341, 4.701819616576033, 9.195432353390853, 15.934909231076803]",2
106,15797,21.111264061891234,52.21549010249155,4439,21.11032780018786,52.216263900258866,"[15.128504243909537, 7.826328042224387, 5.052157147869133, 9.435507944700898, 16.174984822386847]",2
107,15890,21.114416343083324,52.215182543932386,4347,21.11365000014746,52.21534719971356,"[14.888428652599492, 7.586252450914341, 4.701819616576033, 9.195432353390853, 15.934909231076803]",2
108,15971,21.116188202161506,52.21877467583988,4383,21.116163900243862,52.2159305998174,"[15.07210168155999, 7.769925479874839, 4.88549264553653, 9.379105382351351, 16.1185822600373]",2
109,16084,21.13969661700489,52.21883154551529,4579,21.13901940022521,52.21970279984441,"[16.15848392042671, 10.413413058935257, 2.6392249225937725, 12.02259296141177, 18.76206983909772]",2
110,16104,21.142720329756038,52.21836502898978,4498,21.14298329973957,52.21783609955639,"[16.093301120763066, 9.935276276674443, 2.5740421229301287, 11.544456179150956, 18.283933056836904]",2
111,16298,21.14698790979013,52.21927567719034,4556,21.147466699828385,52.21911939974058,"[16.052270008024472, 10.378980726098911, 2.3232334816878084, 11.988160628575423, 18.727637506261374]",2
112,16307,21.147732063889595,52.21967480239567,4592,21.147483300414024,52.21985560005595,"[15.97034402438209, 10.460906709741293, 2.241307498045426, 12.070086612217805, 18.763548279848298]",2
113,16457,21.159871245465087,52.22029491746816,4569,21.159755600140898,52.219416700320494,"[16.64169886445943, 12.458682270958603, 0.8224182710733781, 14.067862173435115, 19.434903119925636]",2
114,16529,21.15464546068979,52.214223401424476,4275,21.155466700028228,52.213991700156896,"[17.09861067228802, 10.56976803656477, 3.0118383782705895, 12.178947939041285, 18.918424816727235]",2
115,16915,21.157475043664448,52.21079812824366,3967,21.15747779996053,52.209655600026,"[17.52605813208709, 10.997215496363836, 3.5713510725599678, 12.60639539884035, 19.3458722765263]",2
116,17281,21.18383214867465,52.18315315374071,2275,21.18472220016946,52.183291699952065,"[21.132304721757972, 14.722601688020038, 5.578885703084322, 16.33178159049654, 23.071258468182492]",2
117,17484,21.18139334959191,52.188191095223864,2580,21.181072200022072,52.188172200186955,"[20.673609226746475, 14.485577654271605, 6.052757301754158, 16.094757556748114, 22.83423443443405]",2
118,17636,21.171414911720696,52.18721645591271,2596,21.17249439979679,52.18853329957216,"[20.05940764185117, 13.754932743072397, 5.965918336865167, 15.364112645548905, 22.103589523234852]",2
119,17699,21.173527223352796,52.18543289386183,2402,21.172122200079514,52.18515830041531,"[20.640298820169978, 14.020305912252944, 6.435311229642001, 15.629485814729449, 22.3689626924154]",2
120,17781,21.175743684817444,52.191921819621484,2834,21.176763899734226,52.192102799604584,"[19.86698698959157, 13.736980379119585, 5.7734976846055694, 15.346160281596093, 22.085637159282044]",2
121,17840,21.180884995683055,52.18198993768067,2151,21.179908300127977,52.180883300224195,"[21.051302002532356, 14.17009721058767, 6.172248574672545, 15.779277113064172, 22.518753990750128]",2
122,17940,21.18346384720633,52.19075772213113,2782,21.18241669997076,52.19103059998224,"[19.922597003186514, 15.70137492794462, 4.248493210664629, 17.310554830421125, 22.71580125865272]",2
123,18131,21.19091361473289,52.1930451574165,2914,21.19114440009406,52.19317219963733,"[20.359181200088326, 16.176164606587502, 4.6193464713734445, 17.785344509064014, 23.152385455554533]",2
124,18157,21.192540147012608,52.19220347298353,2823,21.19089719984595,52.19189720019568,"[20.424077304019004, 16.07423375504449, 4.749973511497114, 17.683413657520997, 23.217281559485208]",2
125,18269,21.203336762278493,52.188812580401226,1887,21.20300559992853,52.188544399904174,"[21.266407547298886, 16.174177166676273, 5.232137653333781, 17.78335706915278, 24.059611802765097]",2
126,18530,21.19497903369314,52.182321667005986,2221,21.194011099732506,52.182183299919416,"[21.259923094984163, 15.173703907021498, 5.5858193024622835, 16.782883809498006, 23.522360687183948]",2
127,18686,21.19437120212173,52.184458147391105,2298,21.195383299699586,52.18341940008531,"[21.260255377630276, 15.174036189667605, 5.586151585108391, 16.783216092144116, 23.522692969830054]",2
128,18968,21.204836439981367,52.175434182811536,1861,21.204505599853576,52.17577499991637,"[22.37299008709984, 16.28677089913717, 6.698886294577959, 17.89595080161368, 24.635427679299625]",2
129,19067,21.24440538557366,52.212496365344265,4196,21.24371940003033,52.21286110035953,"[22.909265434716733, 18.726248841215924, 6.746776764783012, 20.335428743692436, 25.702469690182944]",2
130,19262,21.24758906249019,52.216681098744395,4096,21.2466999997053,52.21689720014575,"[22.823447145773255, 18.640430552272434, 6.660958475839528, 20.249610454748947, 25.61665140123946]",2
131,19384,21.239863244356542,52.2271347368688,5039,21.238416699571076,52.22776669957358,"[21.97617036758452, 17.793153774083706, 5.813681697650796, 19.402333676560218, 24.76937462305073]",2
132,19487,21.251373815686815,52.21843743988038,4522,21.249999999900126,52.218430599992246,"[24.051297818879224, 19.868281225378414, 7.888809148945505, 21.477461127854923, 26.84450207434544]",2
133,19547,21.22006524369473,52.23716189555616,5508,21.221902799574593,52.23635000005254,"[20.74732558080446, 17.774782012619934, 5.795309936187028, 19.383961915096453, 24.107187433726022]",2
134,19780,21.221054359106606,52.250460457009794,6608,21.221536100110995,52.250261100169666,"[20.284332370657037, 18.57033498969896, 7.530034023348156, 20.17951489217547, 24.424351871202127]",2
135,19860,21.22229259045429,52.25286013107631,6746,21.222419399835474,52.25273059983738,"[19.808237148026716, 18.571768924578926, 7.531467958228124, 20.180948827055435, 24.425785806082093]",2
136,19872,21.223583338700912,52.25220463386996,6743,21.22391939976052,52.252666700308055,"[19.705554727302303, 18.47461296935081, 7.434312003000008, 20.08379287182732, 24.32862985085398]",2
137,20008,21.04266139239604,52.32890020365235,22,21.042411099992307,52.33091109976749,"[4.541784277363639, 22.17399620605462, 19.229339867960185, 20.655798324252064, 19.242701922853037]",0
138,20141,21.05750889925077,52.32890328640813,109,21.058386100138478,52.32958059956508,"[7.155212985453417, 20.847898248366544, 17.52845566757706, 19.348837713611573, 19.428176823104657]",0
139,20190,21.0623725799696,52.32527011069534,9128,21.063622200404268,52.325261100019816,"[6.554613230654076, 20.247298493567204, 16.92785591277772, 18.748237958812233, 18.827577068305317]",0
140,20215,21.076069144867454,52.32586310525849,377,21.0770639002788,52.32606389962933,"[7.583827280625068, 20.71661582632293, 17.397173245533445, 19.217555291567958, 19.296894401061042]",0
141,20270,21.075633784308977,52.32485936186046,9115,21.074305600423145,52.324538900350035,"[7.326542743924855, 20.459331289622718, 17.139888708833233, 18.960270754867746, 19.03960986436083]",0
142,20430,21.066532071846833,52.322612296628265,9084,21.06693060026703,52.32290279972449,"[6.787105692018179, 19.830253827346784, 16.5108112465573, 18.331193292591813, 18.410532402084897]",0
143,20510,21.078889933296313,52.32307209456496,9076,21.079727800097942,52.3225778000255,"[7.669592528959542, 20.712740664288148, 17.393298083498664, 19.213680129533177, 19.29301923902626]",0
144,20882,21.06526278556873,52.311987706729916,8833,21.061491700181875,52.308191699587326,"[5.028757686094829, 18.071905821423435, 14.75246324063395, 16.572845286668464, 16.652184396161548]",0
145,21217,20.9658297089491,52.322232534000065,9081,20.96478060024458,52.32275280000175,"[4.484934503952282, 20.491937264452186, 19.19962141056005, 18.95328771227708, 17.186247324015383]",0
146,21246,20.973076935905727,52.31757274598798,8983,20.974111099747518,52.31743330020669,"[4.654799189228781, 20.638427682507427, 19.34611182861529, 19.09977813033232, 17.332737742070623]",0
147,21421,20.96491987657964,52.33098443851021,34,20.96440280044891,52.33115560025078,"[5.081291810736281, 21.187523582973434, 19.895207729081296, 19.64887403079833, 17.88183364253663]",0
148,21424,20.961956032512063,52.328135970412895,9187,20.96158060016461,52.32751389994655,"[5.239582004837277, 21.246584765337182, 19.954268911445045, 19.707935213162077, 17.94089482490038]",0
149,21438,20.961507849936893,52.3277859024112,9187,20.96158060016461,52.32751389994655,"[5.239582004837277, 21.246584765337182, 19.954268911445045, 19.707935213162077, 17.94089482490038]",0
150,21465,20.965506225213154,52.32962760384833,19,20.96446390038875,52.32954719964363,"[5.008201456137405, 21.01520421663731, 19.722888362745174, 19.476554664462206, 17.709514276200508]",0
151,21685,20.972494249934318,52.32995340749577,33,20.971875000231137,52.329708299698325,"[4.611859310957888, 20.95924003401685, 19.666924180124713, 19.420590481841746, 17.653550093580048]",0
152,21766,20.979860945625603,52.32984683776428,27,20.97860560016835,52.32936670031302,"[4.47383346106249, 21.10882210475916, 19.816506250867022, 19.570172552584054, 17.803132164322356]",0
153,21778,20.978296415947728,52.32817699001736,10,20.97742220027436,52.328724999858935,"[4.5257827082742, 21.001085180739434, 19.708769326847296, 19.46243562856433, 17.69539524030263]",0
154,21836,20.98439214608832,52.33012690136623,54,20.983863900198912,52.3310889002326,"[3.815547561121962, 21.730066150288835, 20.219133158240073, 20.19141659811373, 18.42437620985203]",0
155,21972,20.97379683544829,52.32063777198515,9028,20.97302500020362,52.31973330015171,"[3.639337713243818, 19.646340473743724, 18.354024619851586, 18.10769092156862, 16.34065053330692]",0
156,22262,21.123899131952413,52.23829520297098,5636,21.12472500005873,52.23816939959818,"[13.590451597842035, 10.996677820455746, 3.344216668574528, 12.605857722932258, 16.41289404354838]",2
157,22631,21.100414764105015,52.24857103371236,6431,21.10048059969995,52.249025000003826,"[11.199493179414253, 10.465462700629965, 5.57612823457532, 11.802554935968123, 14.745840692613346]",2
158,22784,21.105456329984246,52.24966121413328,6544,21.10463330018672,52.25009719962611,"[11.417541703345952, 10.523989251970834, 5.360370706075295, 12.133169154447346, 15.135432463164248]",2
159,22812,21.107461590845997,52.245425913444834,6193,21.10830559992354,52.245500000224865,"[11.926435972387958, 10.103481859836778, 4.804069310317653, 11.71266176231329, 15.204606392116043]",2
160,22987,21.078353061096756,52.22393157130004,4802,21.077688900322528,52.223199999780206,"[11.881052432076489, 8.630309030927853, 8.07818134410725, 9.17777690418765, 13.246978653292794]",2
161,23073,21.023912308751157,52.11417029245899,436,21.020791700176858,52.115519400300116,"[23.26037409443676, 11.57169451722775, 20.634894426162134, 7.216218334612105, 17.484157802754467]",3
162,23531,21.07779018898461,52.13259344439547,282,21.07691670014566,52.131494400446286,"[22.66163851482052, 7.5956216957658995, 18.730525285893652, 7.377507434569292, 17.833532494142847]",3
163,23675,21.077538850159822,52.134112050606234,611,21.075633300136758,52.132908300177974,"[22.48143270945933, 7.415415890404703, 18.550319480532462, 7.197301629208096, 17.653326688781654]",3
164,23704,21.077034585389278,52.13212610808486,282,21.07691670014566,52.131494400446286,"[22.66163851482052, 7.5956216957658995, 18.730525285893652, 7.377507434569292, 17.833532494142847]",3
165,23771,21.069563145388802,52.13358237897961,631,21.069502799814416,52.13427220030184,"[22.465128849136835, 7.399112030082212, 18.53401562020997, 7.1809977688856055, 17.44899179352787]",3
166,23904,21.10054616411804,52.126081830188475,508,21.099674999601575,52.12507779970076,"[23.189185187991807, 7.187385034686932, 18.571683028253325, 9.89896022330981, 20.530832298274248]",1
167,24119,21.017941389829552,52.17454323458045,1742,21.018422199724796,52.17355829967585,"[16.777396923927792, 6.5136048597177885, 14.15191725565317, 0.5039336881241641, 11.181319106700103]",3
168,24148,21.015573900237914,52.20657876281407,3731,21.01534720001331,52.20618889969802,"[13.305415553309931, 7.313286767100466, 12.174442665619402, 3.698020712195391, 9.60613977696491]",3
169,24495,21.096730548227054,52.19011963382128,2627,21.096266700347996,52.188819399995396,"[17.710408667604145, 1.4676200657208418, 10.9133686881156, 6.994662909425307, 16.509508175104404]",1
170,24534,21.02571995657668,52.207527394575,4087,21.024399999660318,52.207041699814624,"[12.868214110933847, 7.371753633256922, 11.73724122324332, 4.65355618558144, 10.134125277540669]",3
171,24659,21.023028289107724,52.195735885141424,3079,21.022322199709777,52.19590829972833,"[14.213912511384551, 6.629578879515323, 12.981169622041008, 2.470067807453706, 10.916844553911043]",3
172,24671,21.019450236129494,52.195003153950836,3061,21.01962780028282,52.195500000324785,"[14.40366944170852, 6.75512660077129, 13.170926552364978, 2.365441773815976, 10.727087623587074]",3
173,24714,21.01729604657298,52.19214655122944,2836,21.017608299783262,52.19201389982169,"[14.903352300837254, 6.63636900283889, 13.135709130074439, 2.0423424053117194, 10.863038533376967]",3
174,24786,21.02787153209057,52.18795350675083,2482,21.02721940035508,52.18639720017069,"[15.343305599273613, 5.551673873741636, 12.374475660821176, 1.455273245272613, 12.031330020377045]",3
175,24794,20.999377811476492,52.19709252333772,3136,20.999336100180926,52.19681940019524,"[15.181635391837991, 8.141869486611315, 14.336575031774291, 3.4441740207052907, 9.516695924904202]",3
176,24936,21.031196777535985,52.18813215138764,2588,21.030277800380247,52.188349999752745,"[15.336990781348046, 5.230449645076953, 12.053251432156493, 1.776497473937295, 12.352554249041725]",3
177,25257,20.946391646480475,52.237968933711684,5707,20.945669399723045,52.23894719985344,"[10.920069218844347, 13.898726831235496, 16.147434782070142, 10.555324353131654, 4.629653395478117]",4
178,25420,20.92586618589511,52.237649696373005,5630,20.923063899579347,52.237994399621925,"[12.543472985574935, 16.327499818512365, 18.57620776934702, 12.936084114705848, 3.5028320696199082]",4
179,25450,20.987847090873817,52.233393147346725,5268,20.986180599654972,52.232113900036495,"[10.68953565216295, 10.83509935332314, 13.36479961635168, 7.528696665186333, 6.115191176569699]",4
180,25555,21.056195594221297,52.270076220180975,7608,21.0568528001167,52.27016109965507,"[6.377188541524152, 14.04808508139572, 11.31685728333165, 12.66291959357866, 12.742258703071744]",0
181,25594,20.957465350105885,52.187486793089796,2544,20.95775560004097,52.18753330022167,"[16.125239021104107, 10.971008147239182, 16.977508517586138, 5.055401098306185, 6.901646792095898]",3
182,25655,20.913799877968263,52.20399469697296,3521,20.914169400397554,52.20314439959441,"[16.40291198243314, 14.445255236204291, 19.310620757557857, 8.529648187271292, 3.3350734519024474]",4
183,25767,20.915316403483075,52.209262833456656,3973,20.91443060039194,52.20980559974868,"[15.37477356256661, 15.221717224726016, 19.268546566520172, 9.306110175793016, 2.300021640683092]",4
184,25838,20.930798265747317,52.20856082614283,3916,20.930983299839454,52.20916109970506,"[16.093409031705942, 14.635788925518828, 18.227475680070118, 8.760278582870132, 3.74538725961297]",4
185,25893,20.9259846793351,52.20237844867357,3471,20.92585279976697,52.202602799979275,"[15.93658477082873, 13.999601338559655, 18.070651419192902, 8.083994289626656, 3.514837099972878]",4
186,26477,20.909429654580425,52.25368217985896,6843,20.909455600295757,52.25409719972606,"[11.070034267417071, 17.216887553295223, 19.433220323782372, 13.88405603129056, 4.985776759283148]",4
187,26827,20.895557650350675,52.25846021195882,7022,20.895969400167758,52.25804169996451,"[12.305142465312896, 18.451995751191046, 20.668328521678195, 15.11916422918638, 5.709657400976399]",4
188,26918,20.892638956916343,52.23590767114342,5781,20.893140876750124,52.239787522776,"[13.537231823042562, 17.531478785348757, 19.780186736183406, 13.96297109326188, 3.8005644541407264]",4
189,27121,20.983629497304403,52.21973438049526,4614,20.983400000209883,52.22011670022562,"[12.047780538992066, 10.099305868016886, 13.359025028655104, 6.492897371865296, 6.946161053989642]",3
190,27195,20.98506193485185,52.22223939365032,4670,20.98533329979199,52.22105280004672,"[11.831077967446586, 10.063910142786632, 13.251029485753339, 6.494519456088538, 6.986858357393512]",3
191,27275,20.992981234970113,52.225369578809484,5009,20.99167780009043,52.227244400308905,"[11.134939643210819, 10.058181651203649, 12.871279006506752, 6.751778963066843, 6.580989801737253]",4
192,27278,20.996596743472573,52.22583144616104,4925,20.99658329967957,52.225327800237835,"[11.272372147148886, 9.506206183280758, 12.460483516166164, 6.199803495143952, 7.117211169453821]",3
193,27289,20.96743694687751,52.20235953249407,3523,20.96738059963502,52.203180600004714,"[14.272022764384296, 10.534310814253754, 15.12429226086632, 5.836615348347732, 7.161077120535577]",3
194,27343,21.10899972237713,52.20983852729107,3897,21.11086390044869,52.20876939998789,"[14.990247691472417, 7.688071489787267, 5.409637334821506, 9.297251392263778, 16.036728269949727]",2
195,27347,21.109042884496834,52.20976382190458,3897,21.11086390044869,52.20876939998789,"[14.990247691472417, 7.688071489787267, 5.409637334821506, 9.297251392263778, 16.036728269949727]",2
196,27354,21.137511778742372,52.23002340547111,5179,21.13763059967249,52.229844399699346,"[15.102833119669382, 11.925454361086835, 2.0127026633021297, 13.534634263563348, 17.896037375135588]",2
197,27475,21.14608990503901,52.2216506923809,4708,21.146327800187862,52.22173890003029,"[15.687096421753916, 10.421254565370514, 1.958059895417253, 12.030434467847027, 18.480300677220125]",2
198,27566,21.132400549762938,52.21382734456986,4298,21.132794400041575,52.21432220010951,"[16.32177659830021, 9.01960039661506, 3.319234059064425, 10.628780299091574, 17.368257176777515]",2
199,27582,21.141754117481224,52.218917002163096,4500,21.14150000022488,52.21784440029887,"[16.19468054148147, 9.833896855956038, 2.675421543648534, 11.44307675843255, 18.1825536361185]",2
200,27719,21.189362183467207,52.21228548425309,4227,21.18952220028939,52.21316109980495,"[19.81979785769904, 15.636781264198211, 3.785527963733932, 17.245961166674725, 22.613002113165244]",2
201,27722,21.193500072226318,52.2126959034321,4044,21.192433300356583,52.21075560039071,"[20.04591859237134, 15.862901998870507, 4.011648698406227, 17.472081901347025, 22.83912284783754]",2
202,27890,21.183665205225402,52.18381871339796,2335,21.183616699551067,52.1840999998152,"[20.799592967264413, 14.7052429278272, 5.584587827000623, 16.31442283030371, 23.05389970798965]",2
203,28216,20.926280395278052,52.28140342353238,8088,20.92540000010996,52.28092220019943,"[8.694675522945657, 18.112231440689683, 18.76110173948146, 14.805828752552875, 8.826393272584653]",0
204,28355,20.95865764620585,52.28391963846412,8260,20.958541700139392,52.28485000002752,"[6.857903971815276, 16.821593534394555, 17.372202615322195, 13.515190846257747, 9.828445621514383]",0
205,28374,20.938621564764436,52.3079257127523,8837,20.93841389968179,52.30824720034809,"[8.55722782660339, 19.56330694625865, 20.051498029602655, 16.576275032974685, 12.399643546276833]",0
206,28441,20.936204544317572,52.26892549128022,7640,20.93600830044278,52.270930600067175,"[8.337691651862992, 16.647455730429858, 17.837660743192668, 13.341053042293048, 7.346900076088227]",4
207,28563,21.099410956904524,52.22085375442115,4667,21.09813329991192,52.22094169959979,"[13.43195672669614, 7.551948001781056, 6.855243935451528, 9.161127904257569, 14.664975421743327]",2
208,28711,21.092843329598065,52.23029856071949,5120,21.094883300224183,52.229658300290396,"[12.523641300846126, 7.908413173818179, 5.4343597972629585, 9.517593076294691, 14.650779914595445]",2
209,29011,21.14305376702141,52.22853513553091,5095,21.143222200144464,52.22828329983446,"[15.387570146136328, 11.644847247989148, 1.7320955502044404, 13.25402715046566, 18.180774401602537]",2
210,29239,20.972180150059923,52.322046869622724,9029,20.97133329989191,52.322122199879686,"[3.929115875480905, 19.93611863598081, 18.643802782088674, 18.397469083805706, 16.63042869554401]",0
211,29370,21.094699989252067,52.24103041363208,5894,21.09582219963488,52.240958299785746,"[11.649331879992094, 9.415369502723134, 5.324438994044004, 10.735472001014024, 14.4425361354583]",2
212,29427,21.105594312862166,52.25211531919018,6544,21.10463330018672,52.25009719962611,"[11.417541703345952, 10.523989251970834, 5.360370706075295, 12.133169154447346, 15.135432463164248]",2
213,29455,21.075268323667355,52.25478588381741,6958,21.07696390016389,52.256769400287624,"[10.574075166194424, 11.772586848228482, 7.681702617341444, 11.839488219148034, 13.707936269220408]",2
214,29943,21.143581667616143,52.241778662099016,5833,21.1434500002174,52.23945000001754,"[15.77020379213703, 12.749658744868857, 2.5768861388016653, 14.358838647345369, 18.59264623784338]",2
215,30246,21.196332428006954,52.16560248182662,1220,21.196388900027785,52.162383299649605,"[23.606803282232303, 16.304627080547156, 8.694195043280198, 17.913806983023655, 24.653283860709607]",2
216,30377,20.901068210274424,52.2143402074335,4442,20.90060279997931,52.21686109956016,"[15.204216590915067, 16.601264520843305, 19.358874270529995, 11.596098792942358, 0.9831849604949752]",4
217,31029,21.120948781775425,52.27366708236983,7622,21.12086669983836,52.270533300271666,"[14.055018669677114, 13.993625708855161, 6.658189121193606, 15.602805611331673, 18.80135592011513]",2
218,31265,21.115346045884532,52.21632124731675,4383,21.116163900243862,52.2159305998174,"[15.07210168155999, 7.769925479874839, 4.88549264553653, 9.379105382351351, 16.1185822600373]",2
219,31310,21.000837321354105,52.25313210685274,6806,21.000000000399723,52.25362780038273,"[7.576220613597885, 11.793118447222685, 12.5327133960466, 9.401461382884499, 8.638828277831205]",0
220,31512,21.015942617662002,52.23009509669558,5203,21.016336099931095,52.23083059985237,"[10.239292919710447, 9.070771717602192, 10.928578623346892, 6.407032356420767, 8.404127506149338]",3
221,31515,21.032326194857696,52.303876451337274,8729,21.02988330017422,52.3037583000056,"[3.4540924899627647, 18.366296559737364, 15.42164022164293, 16.848098677934807, 15.43500227653578]",0
222,31732,21.19068123044008,52.18639216454458,339,21.19038059958507,52.187488899792925,"[20.679826586489657, 15.58244101305292, 5.005722793967775, 17.191620915529427, 23.473030841955865]",2
223,31826,21.10288333982608,52.257666175252176,6914,21.107697199566132,52.25573609994109,"[10.920527119319598, 11.638605346881256, 6.466399267780362, 13.166838381256104, 15.666864369757613]",2
224,31970,21.149009567385818,52.276693628948046,7881,21.147286099773737,52.27624720044798,"[15.654766723748304, 15.593373762926355, 7.014890949783504, 17.202553665402867, 20.40110397418632]",2
225,32118,21.095031050551217,52.195113816916034,3004,21.09688329982447,52.19458889985788,"[17.274091212995845, 2.160068886453947, 10.4770512335073, 6.877196358190149, 16.073190720496108]",1
226,32331,20.952140349215345,52.245784503847254,6198,20.953180600404437,52.24562499969403,"[9.692725448104651, 14.141553263544054, 16.3578860340312, 10.835150575407244, 5.83716080884026]",4
227,32439,21.073534763445586,52.14048691098668,723,21.073588900107723,52.14066389971924,"[21.812187488961026, 6.746170669906396, 17.881074260034158, 6.62643932072179, 17.31378864322533]",3
228,32716,21.066686694537406,52.34526392068698,9263,21.067311099827464,52.34191939966064,"[7.201831888440223, 22.8482205785195, 19.528777997730014, 21.349160043764527, 21.42849915325761]",0
229,33028,20.998345879171232,52.22507915378909,4834,20.997686099633825,52.22368060017959,"[11.470546193638349, 9.308032136791295, 12.262309469676698, 6.001629448654489, 7.21002518818306]",3
230,33070,21.10234413374869,52.21514250750076,4318,21.10131389981666,52.21470829974828,"[13.853886586625533, 6.551710384940382, 5.668858618676893, 8.160890287416894, 14.90036716510284]",2
231,33735,21.141679621658454,52.22950981075561,5094,21.141986099978567,52.22882219968483,"[15.283981589575705, 11.541258691428524, 1.6285069936438168, 13.150438593905037, 18.077185845041914]",2
232,33889,21.133496284462918,52.21787940141353,4407,21.134055600285762,52.217902799574574,"[16.051153056645997, 9.325066568188994, 2.89550243542828, 10.934246470665506, 17.67372334835145]",2
233,33982,21.139323850978567,52.2147506402658,4499,21.14149170038172,52.21530559977367,"[16.47717724206314, 10.116393556537709, 2.9579182442302034, 11.725573459014221, 18.46505033670017]",2
234,34079,21.205302264368495,52.154587930839256,307,21.206205600008502,52.1553333000918,"[24.436761103214987, 17.134584901529838, 9.097920089835025, 18.743764804006343, 25.483241681692306]",2
235,34439,21.18935571033225,52.15281691219812,890,21.189363899824173,52.15178330005932,"[23.378505265417896, 16.076329063732747, 10.228731015857175, 17.685508966209245, 24.4249858438952]",2
236,34527,21.237913176370476,52.16802794727166,1443,21.238436099746252,52.16666670040797,"[25.86156810891121, 19.619169573060983, 9.827298214946113, 21.228349475537485, 27.967826353223437]",2
237,34536,21.239915206725072,52.166735859131386,1444,21.240269400112766,52.16666670040797,"[25.87132544252771, 19.791406799293476, 9.837055548562613, 21.40058670176997, 28.140063579455934]",2
238,34612,21.219204313473956,52.192985163380186,2970,21.219994400421285,52.1940193996756,"[23.331423817393333, 18.049847321542725, 7.2971539234282305, 19.659027224019233, 26.12462807285954]",2
239,34677,21.201474719095557,52.252324704726625,6726,21.200397199970837,52.25236390037378,"[18.61636226758083, 16.326361198883035, 5.286060232532234, 17.935541101359544, 22.180378080386202]",2
240,34721,21.179205416350502,52.244839632105304,6116,21.178072200171925,52.24423889980545,"[17.148803152139497, 14.447589719782652, 3.4072887534318492, 16.056769622259164, 20.30160660128582]",2
241,34805,21.192202256379314,52.24405968875831,6087,21.190188900097723,52.243716700365496,"[17.885820541620387, 15.310050504073946, 4.2697495377231425, 16.919230406550454, 21.164067385577113]",2
242,34890,21.191191181189108,52.24954084378633,6509,21.19143609969632,52.24989720029561,"[17.944622456615118, 15.654621387917327, 4.614320421566526, 17.263801290393836, 21.508638269420494]",2
243,34979,21.02296148895587,52.35172770333995,9351,21.021749999762733,52.35169170011193,"[6.3464527194481875, 24.268157645609456, 21.335358245255982, 22.729508093434355, 21.292989980493083]",0
244,35069,21.046242139785416,52.34092492629436,9247,21.04763059967246,52.340052800096714,"[5.844104284517992, 22.44078716287394, 19.121344582084454, 20.941726628118968, 20.304219444491338]",0
245,35180,21.05474709691366,52.33415160338434,9223,21.05416940029761,52.33435560033075,"[6.827936122183026, 21.456955325208902, 18.137512744419418, 19.95789479045393, 20.037233899947015]",0
246,35224,21.061691947184173,52.32578948268566,9128,21.063622200404268,52.325261100019816,"[6.554613230654076, 20.247298493567204, 16.92785591277772, 18.748237958812233, 18.827577068305317]",0
247,35429,20.939594316255175,52.321028203122935,9036,20.940869399603173,52.320183300219185,"[5.813862425228313, 21.797490918506966, 20.50517506461483, 20.25884136633186, 18.491800978070163]",0
248,35470,20.959220632459132,52.345572932350045,9294,20.960963899964042,52.34450559985362,"[6.024800318127516, 22.948828919856922, 21.656513065964784, 21.410179367681817, 19.64313897942012]",0
249,35514,20.953898880612975,52.32714893318572,371,20.954238900105224,52.326630600222074,"[5.601904474406064, 21.60890723490597, 20.316591381013833, 20.070257682730865, 18.303217294469167]",0
250,36062,20.98136564550018,52.30434368489377,8728,20.981141700029468,52.30368060037944,"[2.8071642721276855, 18.272686305456492, 16.980370451564355, 16.734036753281387, 14.966996365019689]",0
251,36149,21.017229172601112,52.32634390088805,102,21.015055600235826,52.327930599917295,"[3.9470235792301143, 21.868728505391385, 19.360493622841904, 20.330078953216287, 18.89356084027501]",0
252,36262,20.977058181295515,52.3518155718278,9354,20.976313900066486,52.35194169994952,"[5.538575896371445, 23.46028082253272, 21.942161493489557, 21.921631270357622, 20.485113157416347]",0
253,36364,21.03440381452994,52.302862549766715,8662,21.034586099768717,52.299947199803455,"[2.911679503872448, 17.823883573647045, 14.695441226942835, 16.30568569184449, 14.89258929044546]",0
254,36567,21.003890165821353,52.31642535641926,8991,21.003819400445025,52.31767779979066,"[1.4592291203131174, 19.380934046474387, 17.862814717431224, 17.84228449429929, 16.405766381358013]",0
255,36793,20.98739626744013,52.29989064167682,8702,20.987352800291546,52.29973059988731,"[3.0834840100154812, 18.1076041871916, 16.815288333299463, 16.568954635016492, 14.801914246754794]",0
256,37295,21.128312916301518,52.23749350482478,5656,21.128433299657104,52.23827220020195,"[13.76330457114071, 11.0989685875362, 3.0073649312127264, 12.708148490012713, 16.58574701684706]",2
257,37643,21.101031900205296,52.24396259506651,6074,21.101344400323853,52.24358330032908,"[11.735502490848086, 9.615925013232935, 4.888092667987514, 11.225104915709448, 14.528706746314294]",2
258,37990,21.064543216759002,52.22426583888363,4815,21.065930600017225,52.22337220016698,"[11.076725645066977, 8.480150534944373, 7.993318440673309, 8.287836018080466, 12.357037767185608]",2
259,38239,21.017141204746043,52.114989209712505,430,21.016958300385284,52.11564439976928,"[23.193953990951858, 11.50527441374285, 20.568474322677236, 7.149798231127205, 17.417737699269566]",3
260,38338,21.010325692489122,52.12177885257033,467,21.01008329990441,52.11981939984548,"[23.256647876933425, 11.568194790887839, 20.6311682086588, 7.212492117108772, 17.480431585251132]",3
261,38484,21.0256648244711,52.10996703068136,261,21.028330599977267,52.108355599631295,"[24.48214170893704, 12.793462131728042, 21.856662040662425, 8.437985949112397, 18.705925417254765]",3
262,38522,21.013480747359402,52.120258453433564,466,21.013344399924165,52.11985830002061,"[23.033234068685804, 11.344780982640216, 20.407754400411182, 6.989078308861149, 17.257017777003508]",3
263,38608,21.015406869694367,52.112268108107074,417,21.01480000031978,52.11272220026939,"[23.661410715700267, 11.97273113849126, 21.035931047425645, 7.617254955875616, 17.885194424017982]",3
264,38756,21.078726427511874,52.13356927851995,281,21.079852799567107,52.13201109963262,"[22.8794640499402, 7.813447230885578, 18.948350821013335, 7.595332969688972, 18.05135802926253]",3
265,38824,21.104989195212063,52.121139205635686,475,21.103452799706986,52.121391699867104,"[23.52314621253127, 7.5213460592263965, 18.90564405279279, 10.226748830371337, 20.6827738899449]",1
266,38837,21.080537460905603,52.13611989057549,689,21.082163899844147,52.13876390023387,"[22.044269860277996, 6.042469706973128, 17.426767700539525, 7.162190994245361, 17.849540316748907]",1
267,39018,21.098005259593716,52.23965794606404,5691,21.09798060042442,52.238824999973815,"[11.986389965738073, 9.059364466057259, 5.13862911761443, 10.668544368533771, 14.547254604154794]",2
268,39339,21.032482483024765,52.14891889315914,846,21.03261390001154,52.14945279960705,"[20.010508555368535, 7.230145383769164, 16.27516094241156, 3.9663527955438806, 14.234292263686235]",3
269,39346,21.04334545326539,52.15340666510471,922,21.043180600404412,52.152783300309125,"[19.988538459921788, 6.84435261805936, 16.057425230994912, 4.0722932224701145, 14.340232690612469]",3
270,39424,21.018770542626896,52.172199320826124,1620,21.01930829993813,52.17130000039475,"[16.889624098998897, 6.625832034788893, 14.264144430724276, 0.8454683391742441, 11.522853757750182]",3
271,39565,21.02358386940958,52.205586205254505,3683,21.022836100205893,52.20553059955756,"[13.03563955154734, 6.66365277482735, 11.904666663856812, 3.4195890228210697, 10.12770271434955]",3
272,39689,21.08680870850538,52.19393805712384,2984,21.086011099732502,52.19416390004403,"[16.735548545358004, 2.3435970136950366, 9.938508565869457, 6.015988211992023, 15.4482211958754]",1
273,39724,21.055537589659416,52.21435011829779,4248,21.057408299653332,52.21358330002931,"[13.04891124529538, 5.968697737810439, 9.271472695162167, 5.9947401176552715, 11.848010752795641]",1
274,39786,21.057052127298814,52.2140875809884,4248,21.057408299653332,52.21358330002931,"[13.04891124529538, 5.968697737810439, 9.271472695162167, 5.9947401176552715, 11.848010752795641]",1
275,39850,21.051091344508407,52.17828007146117,2020,21.050886099613876,52.1785583000256,"[16.539254281596275, 3.7934766419678105, 12.442678367231984, 2.743645812990005, 13.55614478196186]",3
276,39983,20.924073468676436,52.30844837834204,8806,20.92430559982364,52.308591700046975,"[9.051540626942693, 20.057619746597958, 20.545810829941964, 16.940678940355532, 12.636298721848359]",0
277,40023,21.168455685533353,52.26352129465396,7315,21.16959170029679,52.26323890005523,"[15.86580602049319, 15.147551377496516, 5.884687814230606, 16.756731279973028, 20.6121432709312]",2
278,40599,21.16325086363219,52.271968454962696,7676,21.16409440003656,52.271658299990634,"[16.126279067792726, 16.06488610697078, 6.91030808062645, 17.67406600944729, 20.87261631823074]",2
279,40668,21.15587342359389,52.27157412777079,7726,21.15686109976002,52.272774999866385,"[15.601702890231605, 15.540309929409656, 6.961827116266804, 17.149489831886168, 20.34804014066962]",2
280,40867,21.15003945349076,52.270128025622654,7623,21.15020000032979,52.270533300271666,"[15.083072173616454, 15.021679212794504, 6.4431963996516535, 16.63085911527102, 19.82940942405447]",2
281,41310,21.165760465633525,52.26609198542639,7402,21.16647220033184,52.266711099737506,"[15.705958790337228, 15.543728754903833, 6.2808651916379254, 17.152908657380348, 20.452296040775234]",2
282,41320,21.152448567486474,52.26629328595355,7448,21.15253889955062,52.26657780042518,"[15.102767737591716, 15.041374776769768, 6.147556520675596, 16.65055467924628, 19.84910498802973]",2
283,41539,21.15043786565394,52.264952614403214,7400,21.14943609999608,52.26547499957161,"[14.857937329489117, 14.796544368667169, 5.9027261125729975, 16.405724271143683, 19.604274579927132]",2
284,41637,21.156805572774108,52.264204246413684,7363,21.156494400296367,52.2642749999913,"[14.910850701058958, 14.849457740237009, 5.881240101379875, 16.45863764271352, 19.65718795149697]",2
285,41657,21.15054634427811,52.26389580708666,7260,21.150430599992262,52.262263900059,"[14.440191073826545, 14.378798113004597, 5.484979856910425, 15.98797801548111, 19.18652832426456]",2
286,41886,21.169089168542047,52.261427419953904,7177,21.169325000048786,52.26081939999534,"[15.746269742837464, 15.026181749067243, 5.763318185801333, 16.635361651543754, 20.492606993275473]",2
287,42158,20.996089296251643,52.26842909412326,7533,20.995883299774505,52.268541700339256,"[6.061611320275018, 13.727961697012045, 14.216152780356051, 11.169968182403874, 10.191704700692929]",0
288,42179,20.992517842210262,52.26834639895294,7503,20.99340000001007,52.26816389964432,"[5.962333726540548, 13.59064102018573, 14.078832103529736, 11.03264750557756, 10.054384023866614]",0
289,42425,20.981930392602663,52.26567689398691,7299,20.981486099903634,52.26580830001308,"[6.5473525349528, 13.946115158178017, 14.491997148270219, 10.742761575263124, 9.170340721341617]",0
290,42648,20.98876314270657,52.26182030432816,7219,20.988700000005053,52.26141939978555,"[6.791947103823119, 13.174708138193377, 13.72059012828558, 10.515035448956718, 9.054981879501524]",0
291,42686,20.95851295125552,52.228853500650125,5058,20.95935829984569,52.228102799604585,"[11.555167664469531, 12.371811992482593, 15.129421742169272, 8.872595105645063, 4.067368110415032]",4
292,42722,20.94612698633388,52.2472235769517,6299,20.94752220008951,52.24703609983618,"[9.882987437898564, 14.331815253337968, 16.548148023825114, 11.025412565201158, 5.583297314964569]",4
293,42806,20.944127347667383,52.247579184427615,6290,20.942922200199405,52.24683060025205,"[10.11338794061524, 14.646823927662743, 16.86315669814989, 11.340421239525933, 5.489276850540117]",4
294,42836,20.939662086931822,52.24118683906369,6014,20.94084440024892,52.24268060042942,"[10.30414927553533, 14.514646774544513, 16.763354725379163, 11.123231070737994, 4.818309905885005]",4
295,43094,20.963793722895954,52.18905534966502,2589,20.9636389001152,52.18836110008476,"[16.163478929723876, 10.395363055707794, 16.613558319736963, 4.479756006774795, 6.954258368221883]",3
296,43134,20.96294192644561,52.18916898570453,2692,20.963183299969387,52.18977780030531,"[15.94035183408889, 10.623185453768585, 16.57473760983046, 4.707578404835586, 6.976397471056043]",3
297,43298,20.963430398949967,52.191721239131496,2863,20.963755599741205,52.19234999985264,"[15.589462570892138, 10.995854362274951, 16.395530384115094, 5.080247313341951, 7.109837671312974]",3
298,43373,20.959571452590662,52.18794143012199,2532,20.959211099712547,52.18723329987694,"[16.21272108371233, 10.850417741550794, 17.044194568945137, 4.934810692617797, 7.00242940874435]",3
299,43447,20.901876704841342,52.21085718759623,4078,20.90222780027284,52.21110830010804,"[15.75046112211129, 15.959088321001166, 19.905118801726218, 10.043481272068167, 2.675709200227772]",4
300,43565,20.864778353310953,52.2070659534784,3809,20.865061099889886,52.207316699905846,"[19.60802269470604, 18.702632504824493, 23.029715019070366, 12.787025455891488, 6.533270772822523]",4
301,43958,20.88812632371531,52.19639168661568,3107,20.88856390040371,52.196333300441495,"[18.721223546783403, 16.29195063041329, 21.39216485189084, 10.376343581480297, 5.646471624899883]",4
302,44138,20.89002396651379,52.19477243604879,2979,20.889738899730503,52.19413610020092,"[18.819020659073853, 16.315291857544356, 21.415506079021903, 10.399684808611362, 5.744268737190334]",4
303,44211,20.887305199695373,52.192377043304226,2864,20.88780279965954,52.192352800341496,"[18.791492172540554, 16.562991500359825, 21.663205721837368, 10.64738445142683, 5.7167402506570335]",4
304,44216,20.887726385934062,52.19194874695743,2816,20.88808060023956,52.19180280015917,"[18.855571914208678, 16.509284394095587, 21.60949861557313, 10.593677345162591, 5.780819992325158]",4
305,44422,20.87251825659933,52.18658477023868,2492,20.872291700401718,52.18652779971825,"[19.7922104777951, 17.78151550679097, 22.881729728268514, 11.865908457857971, 6.717458555911585]",4
306,44424,20.871340276510388,52.18496780365452,2440,20.87164999994758,52.185686099933605,"[19.89564156174122, 17.884946590737087, 22.98516081221463, 11.969339541804088, 6.820889639857703]",4
307,44615,20.878880229271154,52.18831897293565,341,20.87906669986836,52.18898059987481,"[19.339838817985747, 17.13898152225089, 22.23919574372843, 11.223374473317893, 6.26508689610223]",4
308,44674,20.880273473134142,52.18889676326373,342,20.88040280014917,52.189038900225114,"[19.248235071820634, 17.047377776085774, 22.147591997563314, 11.131770727152775, 6.173483149937111]",4
309,44755,20.882058573179982,52.18806702722036,2657,20.882105599893578,52.18915829961588,"[19.131028142643668, 16.930170846908815, 22.030385068386355, 11.014563797975816, 6.056276220760153]",4
310,45107,20.897618614306147,52.182675707196324,2450,20.89402156124612,52.18257304720839,"[18.746338977862816, 15.780191404749441, 20.880405626226985, 9.864584355816445, 5.854881975917513]",4
311,45228,21.0084298579731,52.254714883480396,6797,21.00689170039169,52.25345280040648,"[7.404714691504752, 11.5249654359176, 12.20961975987035, 9.201176703920554, 8.712687523940147]",0
312,45302,21.03174019287013,52.22448706080548,4870,21.030477799710752,52.224433300356566,"[11.116439925013632, 7.676224387054447, 9.968708723329609, 6.014694865296046, 9.424748712453418]",3
313,45387,21.013164387328505,52.280537654980364,8084,21.01410559959379,52.28091109986741,"[4.057754536487035, 14.740971173853513, 13.448655319961382, 13.202321621678411, 12.82153857439573]",0
314,45521,20.902305258721587,52.26329275500065,7307,20.901813899891636,52.26318059970498,"[12.564968152485841, 18.71182143836399, 20.92815420885114, 15.378989916359323, 6.390638776735601]",4
315,45545,20.87414408401845,52.25078899900138,6630,20.87460830003306,52.25092500038852,"[14.341486809168176, 20.056197947042055, 22.30490589787671, 16.56520094316691, 6.472583115654325]",4
316,45628,20.892926706440477,52.254487024523954,6860,20.893844400198986,52.25443610024587,"[12.739298465376743, 18.88615175125489, 21.10248452174204, 15.542562082937733, 5.449944255425146]",4
317,45837,20.892539891093254,52.25512950335711,6911,20.89281109985245,52.25573059968747,"[12.655516308470785, 18.802369594348935, 21.018702364836084, 15.46953807234427, 5.6589963988483385]",4
318,45989,20.895283923708785,52.221612884063894,4650,20.896594400211427,52.22066940017271,"[15.31448198188727, 17.10678433012804, 19.864394079814726, 12.101618602227092, 1.488704769779708]",4
319,46036,21.11255634490575,52.224827549276355,4886,21.112797200030798,52.224741700369236,"[15.061207660561042, 7.75903145887589, 6.011463062783189, 9.368211361352403, 16.10768823903835]",2
320,46269,21.135966656417324,52.232596626120916,5397,21.135013899871637,52.23453890035,"[14.295510627455567, 11.234698001418602, 2.368073927004495, 12.843877903895114, 17.088714882921774]",2
321,46361,21.134873035106907,52.23858868613882,5639,21.134580600214576,52.23804440012901,"[14.231492172160522, 11.46787633407077, 2.743910108918725, 13.077056236547282, 17.053934617866872]",2
322,46366,21.134044726987636,52.23949292071663,5821,21.13353330012177,52.24010279990432,"[14.170238751275708, 11.406622913185956, 3.0746199475460174, 13.015802815662468, 16.99268119698206]",2
323,46653,21.13864727710828,52.23518198804324,5422,21.139630600172097,52.23505560043566,"[14.724964071418569, 11.664151445381604, 2.274183571229127, 13.273331347858116, 17.518168326884776]",2
324,46675,21.1416740058776,52.23258084836874,5280,21.14161109977249,52.23233059977741,"[14.8646156747893, 11.803803048752338, 1.9413689001397343, 13.41298295122885, 17.65781993025551]",2
325,46740,21.14104706814738,52.23610919024856,5452,21.14112779960834,52.23538060013465,"[14.833464288421471, 11.772651662384508, 2.309508149766831, 13.38183156486102, 17.62666854388768]",2
326,46781,21.148231983523022,52.23317273891454,5326,21.14752500017869,52.233291699852145,"[15.537362163296331, 12.114785887188951, 1.6654845519374746, 13.723965789665463, 18.33056641876254]",2
327,46881,21.140747668901028,52.238042939012495,5624,21.141875000430957,52.23789440040633,"[14.864219664681155, 11.855195605915414, 2.4596025754555306, 13.464375508391926, 17.686662110387505]",2
328,46941,21.14858853916973,52.23180765988011,5220,21.14849170033176,52.23127780033025,"[15.770982761507524, 11.881165288977757, 1.431863953726281, 13.490345191454269, 18.56418701697373]",2
329,46957,21.15038433600641,52.23176917518152,5236,21.150202799919327,52.231602800029236,"[15.891344968246587, 12.00353868343497, 1.3527152971890652, 13.612718585911482, 18.684549223712793]",2
330,47399,21.13732243814732,52.21438532679662,4411,21.13580829981322,52.21625830018047,"[16.463318407179806, 9.342820612879922, 3.307667785962085, 10.952000515356437, 17.69147739304238]",2
331,47513,21.135878749268183,52.21932629261157,4632,21.13631939982048,52.2203250002986,"[15.740372301481239, 9.635847323353753, 2.5847216802635216, 11.245027225830265, 17.98450410351621]",2
332,47577,21.12895473423595,52.21337350549461,4116,21.129641699804665,52.21137779994558,"[16.874411968326672, 9.572235766641523, 3.871869429090888, 11.181415669118037, 17.920892546803984]",2
333,47923,21.149443150634845,52.21490050874488,4282,21.149850000377285,52.21406109993984,"[16.714614954213506, 10.185772318490253, 2.772943951379993, 11.794952220966765, 18.534429098652712]",2
334,47980,21.15264385996761,52.21681063338594,4453,21.152266699948314,52.21653609986117,"[16.750904419944867, 11.467926871776761, 2.6574151149588703, 13.077106774253275, 19.544108675411078]",2
335,48432,21.14021599171317,52.208296285222,3827,21.140374999606593,52.2074916998821,"[17.693382654097217, 10.391206452412062, 4.690840114861427, 12.000386354888574, 18.739863232574525]",2
336,48506,21.142332403583513,52.20359793766711,3563,21.141630599772384,52.203719400030366,"[17.634505626685684, 10.332329425000534, 5.1062361911514955, 11.941509327477043, 18.680986205162995]",2
337,48739,21.178430306008476,52.180778556744485,2181,21.17917500012618,52.181491699682226,"[20.967048087455236, 14.158957787109458, 6.142529603994903, 15.76813768958596, 22.507614567271915]",2
338,48815,21.18175026198053,52.17712875976487,1880,21.18183060010216,52.17617219988716,"[21.81520513122724, 14.513028929542088, 6.792952768879469, 16.12220883201859, 22.86168570970454]",2
339,48954,21.134404884837306,52.19915341741396,3318,21.1346305998224,52.200152800311514,"[17.35869112741626, 10.056514925731106, 4.901051128549435, 11.665694828207613, 18.405171705893565]",2
340,49108,21.14552885978526,52.18485473666887,2333,21.14564170020435,52.18397500034604,"[18.887856669646748, 11.585680467961595, 6.870772439171795, 13.194860370438104, 19.934337248124056]",2
341,49476,21.149958007123324,52.20796350108952,3824,21.1496556002258,52.2074806004494,"[17.51447311697584, 10.729317784549282, 3.65440040911467, 12.338497687025795, 19.077974564711745]",2
342,49573,21.126891127705882,52.19660004694463,3166,21.127163900293795,52.197447199828446,"[16.862681168462277, 9.56050496677713, 6.728299140521267, 11.16968486925364, 17.90916174693959]",2
343,49715,21.158834474697052,52.2011737976557,3500,21.158541699739715,52.20291389975671,"[18.710551237501843, 11.853760923301564, 4.617061932515849, 13.462940825778073, 20.20241770346403]",2
344,49890,21.122185671793478,52.19716542325081,3127,21.11986110040948,52.19674719992338,"[16.230149388457594, 8.927973186772443, 6.095767360516582, 10.537153089248957, 17.276629966934898]",2
345,50333,21.211925567674538,52.15813678336947,1086,21.211213900201358,52.15853060040695,"[24.135375195562442, 17.564829291565886, 8.532235316482222, 19.17400919404239, 25.91348607172835]",2
346,50367,21.214589531911432,52.16049706361568,1156,21.21552779966828,52.160566699693504,"[24.103802593493878, 17.688796764598987, 8.429698800972004, 19.297976667075492, 26.037453544761455]",2
347,50423,21.200678818669534,52.166571932827445,1369,21.200705599983507,52.16642500041348,"[23.341201587506244, 16.368682313200967, 7.787782568832596, 17.977862215677465, 24.71733909336342]",2
348,50562,21.200815276361084,52.16708852651044,1369,21.200705599983507,52.16642500041348,"[23.341201587506244, 16.368682313200967, 7.787782568832596, 17.977862215677465, 24.71733909336342]",2
349,50882,21.213635930235817,52.16486689776969,1294,21.21420000012995,52.164638900065256,"[23.786417622401604, 17.700198434438935, 8.112313829879726, 19.30937833691544, 26.048855214601396]",2
350,50892,21.211747288926286,52.16652338654531,1434,21.212775000066245,52.16666670040797,"[23.58129007773763, 17.49507088977496, 7.9071862852157535, 19.10425079225147, 25.843727669937422]",2
351,50915,21.214311288334528,52.1641425833562,1294,21.21420000012995,52.164638900065256,"[23.786417622401604, 17.700198434438935, 8.112313829879726, 19.30937833691544, 26.048855214601396]",2
352,50934,21.215820610389876,52.164691213970514,1175,21.216916700045715,52.164977799685744,"[23.976097173344048, 17.88987798538138, 8.301993380822173, 19.499057887857887, 26.23853476554384]",2
353,51111,21.183409979496084,52.240892468200194,5924,21.1816222002044,52.24150279971451,"[17.538346747253033, 14.83713331489619, 3.796832348545387, 16.4463132173727, 20.691150196399356]",2
354,51149,21.184914538187865,52.241068048997334,5832,21.18695280033154,52.24028330013425,"[17.94367537073209, 15.242461938375246, 4.2021609720244415, 16.851641840851755, 21.096478819878413]",2
355,51353,21.18835978933759,52.24314817855079,6026,21.18760279972946,52.24300000005002,"[17.858861108219717, 15.157647675862876, 4.117346709512072, 16.766827578339388, 21.01166455736604]",2
356,51448,21.189856550888315,52.244153945438626,6117,21.190011099632613,52.24425000013747,"[17.82524925085414, 15.331094222272538, 4.290793255921733, 16.94027412474905, 21.185111103775704]",2
357,51565,21.193921615910384,52.24316365614299,5956,21.19081669973093,52.24184170023432,"[18.098816941168028, 15.418048490687159, 4.377747524336356, 17.027228393163668, 21.272065372190326]",2
358,51671,21.196806391898956,52.24460495560993,6127,21.19748059965002,52.24433610033083,"[18.335532522328638, 15.841377493747034, 4.801076527396229, 17.450557396223545, 21.695394375250203]",2
359,51701,21.18543750059544,52.247573981221834,6295,21.18541109974251,52.24691389995655,"[17.281482022583926, 15.012445137283496, 3.9721441709326935, 16.62162503976001, 20.866462018786667]",2
360,52085,21.026904269087275,52.348780498844,9342,21.027236099866172,52.35082500007377,"[6.079948597725526, 24.001653523886795, 21.06885412353332, 22.463003971711693, 21.02648585877042]",0
361,52413,21.036875462590036,52.33688648000677,201,21.03456110041452,52.336913899956585,"[4.638371602384974, 22.270583531075957, 19.32592719298152, 20.7523856492734, 19.339289247874373]",0
362,52506,21.040703622178874,52.3324004593346,48,21.041327800038005,52.33170279994431,"[4.7045751837706895, 22.33678711246167, 19.392130774367235, 20.818589230659114, 19.405492829260087]",0
363,52512,21.046993072084316,52.33272004705308,107,21.047463900438686,52.33333329959214,"[5.105498243444018, 22.47569007007415, 19.285706168235876, 20.957492188271594, 19.544395786872567]",0
364,52603,21.04137956548669,52.33351651141749,48,21.041327800038005,52.33170279994431,"[4.7045751837706895, 22.33678711246167, 19.392130774367235, 20.818589230659114, 19.405492829260087]",0
365,52684,21.048192588953288,52.335586257330576,192,21.04740279959958,52.33433060007718,"[5.195332937644803, 22.586742380819732, 19.396758478981457, 21.068544499017175, 19.655448097618148]",0
366,52795,21.06468325633992,52.33739885022108,110,21.065030599882334,52.33333329959214,"[7.852994466860798, 21.545679729773926, 18.226237148984442, 20.046619195018955, 20.12595830451204]",0
367,52959,21.028233161404597,52.351445579926484,9342,21.027236099866172,52.35082500007377,"[6.079948597725526, 24.001653523886795, 21.06885412353332, 22.463003971711693, 21.02648585877042]",0
368,53327,20.94849339500908,52.331623307903584,68,20.947991700156877,52.33241390018139,"[6.546255399815633, 22.55325816031554, 21.260942306423402, 21.014608608140435, 19.247568219878737]",0
369,53651,20.972681397145767,52.35506954079274,151,20.973152800161643,52.356000000399774,"[6.541260498171469, 24.25712319917148, 22.94484609528958, 22.718473646996376, 20.951433258734678]",0
370,53718,20.97517469443367,52.34755339340266,9308,20.97493610002107,52.347319399570665,"[5.516319332905555, 23.232182033905566, 21.919904930023666, 21.69353248173046, 19.926492093468763]",0
371,53779,20.949984292195165,52.349100352857235,9319,20.94797780023532,52.34769720026566,"[6.787191890192226, 23.221932472827852, 21.929616618935714, 21.683282920652747, 19.91624253239105]",0
372,53908,20.978059325552067,52.32162658442961,9056,20.97803889957561,52.321372200366795,"[3.4168929260570846, 20.024641110130695, 18.732325256238557, 18.48599155795559, 16.71895116969389]",0
373,54176,20.97591892856576,52.34099241655549,9259,20.975777799805655,52.341600000040046,"[5.050489562716507, 22.934046324207095, 21.454075159834616, 21.39539677203199, 19.628356383770292]",0
374,54386,20.98212479095246,52.34442907958678,9278,20.982455599646244,52.34348330001433,"[4.495861422923813, 22.417566349085085, 20.899447020041922, 20.878916796909987, 19.44239868396871]",0
375,54593,20.999065443611986,52.34459334378664,9270,20.99880559999849,52.345749999862676,"[4.98041789973064, 22.90212282589192, 21.384003496848756, 21.36347327371682, 19.926955160775545]",0
376,54695,20.99714470069844,52.33705409920052,135,20.998172200286888,52.33688329962462,"[4.474008702069552, 22.395713628230826, 20.877594299187663, 20.857064076055728, 19.420545963114453]",0
377,54749,21.00358852008573,52.33592078154157,196,21.003569399708056,52.33633059967747,"[4.919678032103853, 22.84138295826513, 20.643908761283612, 21.30273340609003, 19.866215293148755]",0
378,54879,20.98932652619525,52.33308890089682,94,20.989341699559816,52.33333329959214,"[3.2572874141404284, 21.178992340301704, 19.66087301125854, 19.640342788126606, 18.20382467518533]",0
379,54911,20.990387289943264,52.33342830372872,74,20.990400000159923,52.332919400110256,"[3.3615861124724526, 21.283291038633728, 19.765171709590565, 19.74464148645863, 18.308123373517354]",0
380,54973,20.98960734793481,52.3300185938747,49,20.989216700090708,52.32915830041526,"[2.7093657453531677, 20.63107067151444, 19.112951342471277, 19.092421119339342, 17.655903006398066]",0
381,55091,21.002100803514566,52.330164346953474,9196,21.00401939977553,52.32925280027655,"[3.820610159953849, 21.74231508611512, 20.224195757071957, 20.203665533940022, 18.767147420998747]",0
382,55174,21.002551174298997,52.324949702563316,9121,21.002263899759214,52.32478060034447,"[2.774052006938001, 20.695756933099272, 19.17763760405611, 19.157107380924174, 17.7205892679829]",0
383,55324,20.980517383505674,52.30814608295268,8846,20.982250000237343,52.3088749999813,"[2.29205941067006, 18.275687903948707, 16.98337205005657, 16.737038351773602, 14.969997963511906]",0
384,55573,21.04298467658128,52.30835767773424,8836,21.043055600035984,52.30794440041382,"[4.769525959054814, 19.681730028829413, 16.737073690734977, 18.163532147026856, 16.75043574562783]",0
385,55955,20.94665495571621,52.34406917068404,242,20.949047200268126,52.346419400335094,"[6.627418397654975, 23.0621589802906, 21.769843126398463, 21.523509428115496, 19.756469039853798]",0
386,56228,20.97183488893185,52.28375781299317,8222,20.971330600127146,52.28402499975397,"[5.443660906382847, 15.917294529089006, 16.463176519181207, 13.146745720359956, 10.685299745654756]",0
387,56363,20.970712380484667,52.28026782993101,8043,20.971155600150894,52.279980600124645,"[5.284823750467842, 15.659154703847307, 16.20503669393951, 12.569435038392452, 10.453382979741072]",0
388,56534,20.945832689944698,52.281830737764416,8158,20.94524999998754,52.2826222003543,"[7.446134457375711, 17.131685653743396, 17.682294734671036, 13.82528296560659, 8.849938603702727]",0
389,56566,20.948339159874244,52.2805545501305,8006,20.948736099591372,52.279152800261556,"[7.140349274931824, 16.73507176199153, 17.285680842919167, 13.42866907385472, 8.883814332224237]",0
390,56593,20.94524975822527,52.28092640326987,8056,20.944269399912912,52.28035830009554,"[7.47341239153382, 17.068134878593526, 17.61874395952116, 13.761732190456717, 8.665578218723043]",0
391,56606,20.94703771141738,52.2813917847816,8171,20.947222199744772,52.28277780015543,"[7.254796816188717, 16.940348012556402, 17.49095709348404, 13.633945324419594, 9.001868399264048]",0
392,56684,20.952779264581572,52.2840419583005,8207,20.952297199955865,52.28365830029037,"[6.959321945200028, 16.92301150777931, 17.47362058870695, 13.6166088196425, 9.397925560833912]",0
393,56957,20.955682014968037,52.281059448707545,8131,20.95606389972926,52.28205830025041,"[6.527553561487581, 16.491243124066862, 17.041852204994502, 13.184840435930054, 9.648145545447784]",0
394,57087,20.93813784289935,52.30738210820316,8837,20.93841389968179,52.30824720034809,"[8.55722782660339, 19.56330694625865, 20.051498029602655, 16.576275032974685, 12.399643546276833]",0
395,57267,20.94100858556614,52.322709325601124,9037,20.94184720008826,52.32088060035949,"[5.801205380037486, 21.784833873316146, 20.492518019424008, 20.24618432114104, 18.479143932879342]",0
396,57284,20.946983154206347,52.33875072110237,238,20.946511100407008,52.339616699950795,"[6.879912245889383, 23.068157589675383, 21.775841735783246, 21.52950803750028, 19.76246764923858]",0
397,57308,20.948357202922654,52.33734435939649,238,20.946511100407008,52.339616699950795,"[6.879912245889383, 23.068157589675383, 21.775841735783246, 21.52950803750028, 19.76246764923858]",0
398,57813,21.11003848683069,52.243489635805815,6097,21.109913899806656,52.243827799913106,"[12.21944877816209, 10.135972448645909, 4.551431563753015, 11.745152351122421, 15.237096980925173]",2
399,57898,21.1137647761049,52.242814008755175,5988,21.11350000042472,52.242294400066555,"[12.558883712789465, 10.515782442482775, 4.419810631910146, 12.124962344959288, 15.616906974762038]",2
400,57934,21.060775155924222,52.22682863474184,5041,21.06008329980449,52.22781939984549,"[10.409632471724564, 8.158362231784167, 7.691017002223589, 7.6332386844542945, 11.702440433559435]",3
401,58202,21.088617697034593,52.16036890287046,1132,21.089427799553334,52.16000279958956,"[19.029776019446988, 2.8810947951276877, 14.265392788694076, 5.829979725708882, 16.64247869468074]",1
402,58787,21.12984921000319,52.15704030454213,1034,21.12862219955491,52.15672779964831,"[22.426416230955578, 5.744703106759472, 15.629376251467036, 9.23184721021348, 20.04434617918535]",1
403,59122,21.10425179862609,52.130041690802436,539,21.103658300190432,52.127730600087204,"[22.80859238122559, 6.806792227920718, 18.191090221487112, 9.518367416543596, 20.330866385515463]",1
404,59125,21.102395347749457,52.13116212308856,539,21.103658300190432,52.127730600087204,"[22.80859238122559, 6.806792227920718, 18.191090221487112, 9.518367416543596, 20.330866385515463]",1
405,59256,21.0999365228256,52.10894129365826,264,21.09986669998824,52.10846389958937,"[0, 0, 0, 0, 0]",0
406,59293,21.107356947004977,52.13470866210163,571,21.107063899679304,52.130477799610844,"[23.24542942048664, 7.243629267181764, 18.627927260748155, 9.95520445580464, 20.76770342477651]",1
407,59461,21.060674380398776,52.15216217277939,904,21.06119720009076,52.152383299849475,"[19.80955951801712, 4.743542698962494, 15.878446289090245, 4.825423699969592, 15.51277302247313]",1
408,59526,21.034422228727017,52.16445147623139,1297,21.03579170032674,52.164716700415454,"[18.14394827737272, 6.037973443083231, 14.212835048445847, 2.806162075061304, 13.07410154320366]",3
409,59721,21.06042662791425,52.154273403627975,987,21.060488900342534,52.1555416999895,"[19.421950427345937, 4.355933608291309, 15.490837198419065, 4.755243093924758, 15.662927780626218]",1
410,59881,21.05885114202106,52.158105345621365,1077,21.058697199915912,52.158047200418025,"[19.72853024101646, 4.662513421961829, 15.797417012089582, 5.061822907595277, 15.969507594296735]",1
411,59911,21.060010179558347,52.15635754755371,987,21.060488900342534,52.1555416999895,"[19.421950427345937, 4.355933608291309, 15.490837198419065, 4.755243093924758, 15.662927780626218]",1
412,60423,21.033562416815368,52.19481142028047,3041,21.03200279988937,52.19520829982321,"[14.487845286912865, 5.519549473844657, 11.962077170009916, 2.623526818600895, 11.896579131820857]",3
413,60590,21.07008436375439,52.21452442054453,4329,21.068297200155712,52.215088900032754,"[14.275191916190206, 5.7814519896097085, 8.784627046768922, 6.970118068767444, 13.074291423690465]",1
414,61029,21.030398122108522,52.14966935896351,833,21.03121939955571,52.1485249996291,"[20.1511734552892, 7.370810283689831, 16.415825842332225, 4.107017695464547, 14.374957163606902]",3
415,61067,21.02861280489074,52.149248984444206,847,21.028394399681872,52.14915280016163,"[20.43694516361374, 7.656581992014372, 16.701597550656768, 4.392789403789089, 14.660728871931443]",3
416,61097,21.022774482404976,52.1525729754873,889,21.022694400326372,52.151669400022854,"[20.30968318492999, 9.005698717104748, 17.68420351665537, 4.265527425105335, 14.53346689324769]",3
417,61705,21.016369819213814,52.12544664508778,382,21.016202799719508,52.12541939998539,"[22.1405001470777, 10.452047061032117, 19.515020478803077, 6.0963443872530485, 16.364283855395406]",3
418,61904,21.161602567203154,52.255397809256664,6890,21.160491699732233,52.25527780003051,"[15.334142315543922, 14.072787752633008, 4.8099241893671, 15.68196765510952, 19.658846036429107]",2
419,61991,20.982324831060513,52.263595201288645,7323,20.98253890025012,52.263433300206714,"[6.79659905781722, 13.740717654801228, 14.28659964489343, 10.524812082888314, 8.952391228966807]",0
420,62113,21.112898500840505,52.150401443373376,910,21.112038899775428,52.15249719988594,"[21.254172113135343, 5.10549088881604, 15.716727449888818, 8.054375819397233, 18.866874788369095]",1
421,62145,21.05402282436778,52.150174614134684,856,21.0515889000078,52.15026110036956,"[20.342414813348487, 5.968249771954569, 16.41130158442161, 4.792219649099314, 15.06015911724167]",3
422,62234,21.171587642809996,52.252740853680656,6723,21.17191110041699,52.25232779978819,"[16.19258578047233, 14.931231217561425, 4.3255630779459215, 16.540411120037934, 20.517289501357524]",2
423,62261,21.135773958366123,52.24280551953456,5932,21.135575000385984,52.24165280033651,"[14.392063616630894, 11.628447778541142, 3.131183035864143, 13.237627681017655, 17.214506062337247]",2
424,62264,21.136054089153838,52.24280398065864,5932,21.135575000385984,52.24165280033651,"[14.392063616630894, 11.628447778541142, 3.131183035864143, 13.237627681017655, 17.214506062337247]",2
425,62803,21.0432152989642,52.248195417611726,6352,21.043388899578076,52.24786939995289,"[7.914272899818837, 10.140941776444484, 8.834989920769935, 9.367374398940035, 10.702456779374144]",0
426,62840,20.912714485976892,52.24749477008877,6265,20.91173329975203,52.2465777999256,"[11.315048483223821, 16.920298408633744, 19.164349573998667, 13.4293014047586, 3.9626672808477936]",4
427,63046,21.093320455379224,52.262227353923954,7274,21.093144399894186,52.262555599661255,"[9.796265999093684, 13.781663459753956, 9.410746784759034, 13.848564830673508, 14.761201490534788]",2
428,63594,20.97035396052863,52.22226324953099,4817,20.969363899724215,52.223386100088476,"[11.961779100878754, 11.572609214819547, 14.526886547704951, 8.266206526682739, 5.099835519372808]",4
429,63613,20.97332743396901,52.22420262003694,5015,20.972341699809647,52.227172200037046,"[11.469560258819447, 11.630354168366447, 14.438852415670334, 8.323951480229638, 5.096271805464474]",4
430,63825,20.896017337021256,52.21055008263326,4072,20.896580600114646,52.21103059958256,"[16.13196956905123, 16.337377715832563, 20.286627248666157, 10.421770666899564, 3.057217647167712]",4
431,63944,20.94699213509129,52.19173796916652,2853,20.94610830035782,52.192583300179194,"[16.591829801155594, 11.68808293028574, 17.444099297637624, 5.772475881352743, 5.661538493643936]",4
432,64052,20.910281230018633,52.19411011122106,3084,20.910875000281067,52.19597499974651,"[16.894012493592403, 14.512187188742642, 19.61240141022019, 8.596580139809644, 3.8261739630617133]",4
433,64053,20.867431270329707,52.18304329007178,2439,20.86934746211574,52.18256360432696,"[20.277109392895436, 18.266414421891305, 23.366628643368852, 12.350807372958307, 7.202357471011923]",4
434,64455,20.94682174011753,52.20167759805796,3496,20.947219400155234,52.20110830030785,"[14.945434762071974, 12.033065238185596, 16.5112789800401, 7.335369772279579, 6.848904833597903]",4
435,64594,21.168541329677556,52.19544398528904,3044,21.168683299594647,52.19522219974476,"[19.387471250297327, 13.055577528752451, 5.293981945311328, 14.664757431228956, 21.404234308914916]",2
436,64700,21.161728968975027,52.17077658145116,1564,21.160488900142695,52.170127799758234,"[20.590513553663936, 13.288337351978786, 8.744684998247804, 14.897517254455291, 21.636994132141247]",2
437,64775,20.952424344402846,52.32668881057035,9193,20.953180600404437,52.32727219995212,"[5.708848502576257, 21.715851263076164, 20.423535409184023, 20.177201710901056, 18.410161322639357]",0
438,65124,20.90373677232079,52.298694300674114,8638,20.902824999574136,52.29876389973424,"[11.252738127277276, 21.281064381949243, 21.831673462876882, 17.974661693812443, 12.143811062476743]",0
439,65766,20.990606815038152,52.1758993992145,1916,20.99229439956696,52.176800000419746,"[17.498860493821578, 8.466842273679111, 15.601733719278286, 2.551235224746115, 9.603971671787324]",3
440,65831,21.038010918534862,52.18877798033175,2584,21.03713329996185,52.18822500028358,"[15.468803606876461, 5.070105950333907, 11.892907737413449, 2.8464355469687956, 12.977620481256713]",3
441,65922,21.03100129650497,52.286769521700194,8383,21.03074170036922,52.28834440037383,"[3.2369412127381194, 16.10640219700556, 13.571587674918167, 14.607341662250592, 14.686680771743676]",0
442,66009,20.984324078910056,52.27060211839087,7610,20.98392219964984,52.27026669984838,"[5.808240634402196, 14.069166512283369, 14.61504850237557, 11.40949382304671, 9.909452621892221]",0
443,66093,20.960087362681914,52.24759954141612,6296,20.96118609995858,52.24694439956443,"[9.409020603223325, 13.384562123496229, 15.600894893983373, 10.078159435359419, 6.106397864912553]",4
444,66251,20.987076098035423,52.24617328653861,6177,20.986097200125755,52.245202800368986,"[9.099320381171502, 11.890750832199664, 13.542149863363756, 8.584348144062856, 7.080990860910842]",4
445,66409,20.942159220723678,52.234144317181965,5322,20.94127219965236,52.23321390040121,"[11.552068731505539, 14.110612948502613, 16.868222698189296, 10.2785502776713, 3.6856263733198587]",4
446,66462,21.05205307515764,52.28993564092079,8491,21.052255599816135,52.29223330002685,"[4.340622923221167, 16.16748372626166, 12.848041145472175, 14.66842319150669, 14.747762300999774]",0
447,66504,20.979171716937927,52.16590594277257,1384,20.977927800028,52.16666670040797,"[17.961059072556512, 11.10415136339693, 18.12465329802637, 5.188544314463932, 10.046920132773522]",3
448,66552,20.886096142046984,52.20982586082539,4030,20.888136100101008,52.21003329999684,"[16.96647675491072, 16.86958256554, 20.916411907334155, 10.953975516607004, 3.891724833027203]",4
449,66819,21.020050892125038,52.23620309815191,5485,21.02034170010944,52.23595830033537,"[9.550478828987224, 9.422501907768877, 10.783408210184001, 7.078299261966197, 8.491022564319087]",3
450,66841,21.022200358793302,52.23344059523929,5272,21.022833299717036,52.232183299819496,"[10.13561475560211, 8.924256001360714, 10.459825413466183, 6.6338987540094765, 8.872880716030046]",3
451,66906,21.0204238932624,52.222177315494626,4698,21.02068059972993,52.22159169989709,"[11.220198125919199, 7.949842206307838, 10.676957204271723, 5.437355167046851, 8.861665015510663]",3
452,67100,21.01742888348974,52.279574698058326,8084,21.01410559959379,52.28091109986741,"[4.057754536487035, 14.740971173853513, 13.448655319961382, 13.202321621678411, 12.82153857439573]",0
453,67198,20.89634338330504,52.25920683358251,7135,20.89594999999258,52.26002500005376,"[12.21223073968845, 18.3590840255666, 20.575416796053748, 15.026252503561935, 5.90593834095231]",4
454,67258,20.916183691550174,52.2437424558044,5923,20.917613900061497,52.24406940008282,"[11.627208843774753, 16.31740061438324, 18.56610856521789, 12.925984910576716, 3.972534691056882]",4
455,67306,20.95881566217398,52.2092387524828,3974,20.95822219979476,52.2098111000023,"[14.132957498162522, 12.14591602865531, 15.910713293250605, 7.486961892404187, 6.432616203382869]",4
456,67496,21.14407588871309,52.22645225002935,4947,21.14362779978319,52.22606110023963,"[15.12323102550591, 10.597136225486755, 1.623432778130522, 12.206316127963268, 17.916435280972117]",2
457,67538,21.222450276008335,52.160524035287324,1138,21.223227800422706,52.16015559980116,"[24.80114200245077, 18.422809331341863, 9.12703820992889, 20.031989233818365, 26.771466111504324]",2
458,67701,21.0688394123045,52.3105040368747,8754,21.066858300170452,52.30502220001455,"[5.636587703684071, 18.101337943852705, 14.781895363063219, 16.602277409097734, 16.68161651859082]",0
459,67863,20.93281782101507,52.291190480500624,8482,20.932016700010763,52.292047199718525,"[8.89987979861265, 18.58543099498033, 19.13604007590797, 15.279028306843527, 10.17830856760936]",0
460,67867,20.92531192425497,52.29155468075292,8466,20.924758299655878,52.29123610026585,"[9.19850478080954, 18.88405597717722, 19.43466505810486, 15.577653289040418, 10.358383886103113]",0
461,67911,20.95517250590115,52.28320237012603,8177,20.955286100373257,52.282911100367016,"[6.63628409415381, 16.59997365673309, 17.15058273766073, 13.293570968596283, 9.589174343529569]",0
462,67955,20.94011754059473,52.292579292789725,8547,20.938586100068505,52.295061100389546,"[8.25178740794855, 18.564302271005733, 19.114911351933372, 15.257899582868928, 10.55488290639438]",0
463,68058,21.114966826418744,52.252876233352275,6834,21.112480599999742,52.25402500035352,"[11.316611570052174, 11.255218609230223, 6.083012530129328, 12.864398511706735, 16.062948820490192]",2
464,68102,21.09097803054183,52.23865023596952,5607,21.090797199930876,52.23768889992283,"[11.443129759315035, 9.1666406690758, 5.522708211215217, 10.161413587096806, 13.991943675338462]",2
465,68374,21.076485914292366,52.16269608261539,1409,21.079538900200134,52.16666670040797,"[18.83484098793949, 2.8719930991164326, 14.249429785260265, 4.684415093622841, 15.496914062594696]",1
466,68579,21.013476363772757,52.199239893660014,3259,21.012113899836663,52.19911940014026,"[14.170047414736834, 7.0926118115059555, 13.151053862595777, 2.7739296511734524, 9.868718785432138]",3
467,68586,21.02257473707956,52.20836122614671,3872,21.021772200426767,52.20824440005907,"[12.725009143066297, 6.974283183308394, 11.594036255375766, 3.730219431302114, 9.817072305868507]",3
468,68656,21.01971272632658,52.19814742139077,3171,21.01884170018434,52.19755559961129,"[14.204521693748328, 6.777073259241806, 12.971778804404785, 2.6004028248117232, 10.492126572591328]",3
469,68667,21.01932335684986,52.20165318371602,3450,21.020255599916027,52.20229439996666,"[13.556990885860845, 6.652986582753941, 12.395198926667064, 3.3061277655426093, 10.254905988362621]",3
470,68832,21.02854381779927,52.15942799453765,1153,21.02832780038773,52.1604500000675,"[18.65459662893083, 6.737985803676295, 14.912847409038914, 2.610440869106175, 12.878380337248531]",3
471,68888,21.23081227565771,52.259040232994145,7041,21.230055599985974,52.25825279962703,"[20.29937257336803, 19.389494757289047, 8.43803805488578, 20.99867465976556, 24.975553041085146]",2
472,68962,21.042965834983637,52.20928274137589,3964,21.042172199587412,52.209638899615584,"[12.905389878400221, 5.73398274346417, 10.381614289807313, 4.789140522003307, 11.319768898761858]",3
473,69057,21.01188856710769,52.225881054538,4935,21.011619400415043,52.225672200112,"[11.035494998732636, 8.803163189363268, 11.509602753706623, 5.911274823636265, 8.292125642300476]",3
474,69086,20.902162666801196,52.26259467518705,7307,20.901813899891636,52.26318059970498,"[12.564968152485841, 18.71182143836399, 20.92815420885114, 15.378989916359323, 6.390638776735601]",4
475,69100,20.980029011199093,52.20981615104112,4032,20.980355599931045,52.21059999969026,"[13.20160608393291, 10.146625753809635, 13.674307380495058, 5.898750524419218, 6.708366907647092]",3
476,69193,21.080427754577578,52.25335757986485,6740,21.079902800074194,52.25266110022966,"[10.25560426930601, 11.427505086962844, 7.096592038898985, 11.494406457882397, 13.389465372331992]",2
477,69335,21.02814075694485,52.25038434230973,6511,21.028313899566854,52.24984440019898,"[7.701459726231398, 10.756677766163607, 10.052130265640205, 9.626703241000065, 9.70604235049315]",0
478,69602,21.01164245898637,52.30319133394674,8723,21.009450000017523,52.30341390013143,"[0.4752739385794251, 17.518604187964094, 15.928311658538677, 15.979954635788989, 14.566858234389958]",0
479,69823,20.951905935084774,52.35882167724426,9200,20.953730599687503,52.35868059972995,"[7.664098375906376, 24.92119338183433, 23.62887752794219, 23.382543829659223, 21.615503441397525]",0
480,69850,21.05514469664283,52.34825909396496,9309,21.05531940027015,52.34638610023836,"[7.337134570702815, 23.459422994295682, 20.139980413506198, 21.96036245954071, 21.79724973067616]",0
481,69969,21.0456666707032,52.3145640364884,8946,21.047219399955395,52.31488059975993,"[5.734242051453094, 20.646446121227697, 17.70178978313326, 19.12824823942514, 17.715151838026113]",0
482,70478,21.198413599774117,52.18774329021913,2429,21.198227799573317,52.185527800367765,"[21.32185307118321, 15.584038932537768, 5.647749278661325, 17.193218835014275, 23.932695712700223]",2
483,70504,20.866135226221132,52.20597405311887,3698,20.86608060013964,52.20566940002283,"[19.52344950689277, 18.618059317011223, 22.9451418312571, 12.702452268078218, 6.448697585009254]",4
484,70736,20.882843025558696,52.19659152363232,3113,20.882813899641803,52.19641669997077,"[18.204678352835206, 16.87704293448447, 21.626370677199528, 10.961435885551474, 5.129926430951687]",4
485,70840,21.004802111095668,52.15549102505233,300,21.005624999893882,52.15506940033259,"[19.412273431678646, 8.798263114047959, 16.78679376340402, 3.3681176718539874, 13.126856593119303]",3
486,71009,21.015383483243912,52.22886968814986,5136,21.016891700191877,52.229766700073185,"[10.363612593189846, 8.946452044122793, 11.05289829682629, 6.282712682941368, 8.528447179628737]",3
487,71235,21.026725437437577,52.25088603961742,6637,21.02695560042065,52.251080600189596,"[7.867370535681832, 10.922588575614041, 10.218041075090639, 9.7926140504505, 9.871953159943583]",0
488,71239,21.029777639713824,52.24887235075901,6449,21.028988900117724,52.24922779982313,"[7.618800472747241, 10.67401851267945, 9.969471012156047, 9.544043987515908, 9.623383097008992]",0
489,71560,20.98646547944115,52.21591077226651,4399,20.9858638997992,52.21619169998701,"[12.4637095729562, 9.733345114451813, 13.000722733201957, 6.060381037443737, 7.080598901029266]",3
490,71953,21.156777879243787,52.26103847887533,7250,21.155513900046515,52.261041699814655,"[15.163815825996956, 15.083372489267104, 5.820508926001196, 16.692552391743614, 19.910153076434966]",2
491,71957,21.165956004832335,52.260885097649954,7194,21.16593329958215,52.26100000004999,"[15.513820830592985, 14.793732836822764, 5.5308692735568545, 16.402912739299275, 20.260158081030994]",2
492,72135,21.161793218783817,52.25755845320018,6986,21.16086669993831,52.25731390021639,"[15.167023589901948, 14.257145773822973, 4.994282210557065, 15.866325676299486, 19.843204057619076]",2
493,72413,21.173388221851052,52.24922164088462,6563,21.172597200400503,52.249147199883396,"[16.532990170584736, 15.271635607673828, 4.38511599440254, 16.880815510150338, 20.857693891469932]",2
494,72427,21.171552552232576,52.24876991855674,6465,21.170997200360546,52.249352800191616,"[16.442254402560284, 15.028940942046425, 3.988639975695623, 16.638120844522938, 20.625047411535714]",2
495,72450,21.173405605870226,52.2482378987516,6398,21.172255600115875,52.24804439992914,"[16.65270336205427, 15.052897249552247, 4.012596283201446, 16.66207715202876, 20.758365030661377]",2
496,72533,21.131051955574762,52.24579411722102,6189,21.13165279973697,52.24542219987467,"[13.77465383791074, 12.246386783486146, 3.7491220408091506, 13.855566685962659, 17.832445067282254]",2
497,72922,21.01402044648843,52.2722632084797,7751,21.014433299956863,52.2732999997952,"[0, 0, 0, 0, 0]",0
498,73004,21.052274651549062,52.25485130345742,6804,21.05256390000403,52.25355279962207,"[8.164514668400287, 12.314348524375145, 10.64381670192504, 11.477422208329616, 11.5567613178227]",0
499,73165,20.942165286675472,52.25414893671407,6869,20.943425000363504,52.25396390041374,"[9.55083228203919, 16.33091955282378, 18.497043532302094, 13.024516864686971, 6.739268198200856]",4
