,db_index_budynki,coordsY_budynki,coordsX_budynki,db_index,coordsY,coordsX,distances,klasyfikacja
0,186,21.02499107309441,52.268094730514086,7472,21.026363899574335,52.266966699653494,"[3.619116534804622, 13.322138599686904, 12.90394286777351, 6.272424923326465, 10.529687172042836, 11.540475587435163, 14.252066862425316]",0
1,250,21.006458460820355,52.31614598957712,8992,21.005688900322525,52.31538060033449,"[8.172278656699806, 18.2544698598376, 18.274851448308596, 8.909040409833, 5.5877970754551916, 6.2241504631117595, 20.678710508618984]",4
2,316,20.959221375156886,52.25656975267638,7152,20.9577889001377,52.258155600000975,"[8.125821933184232, 17.42718786893514, 10.016047680450564, 1.914792294745569, 13.138945457429218, 13.201239519764849, 14.49434235156104]",3
3,565,20.976362738066562,52.21929092061788,4514,20.977761099894906,52.218905600313235,"[9.640226809443586, 15.26059913574116, 5.7645404433334395, 7.847647876951314, 17.784972424279584, 17.84726648661521, 9.74991723826383]",2
4,572,20.99702420603972,52.22563153533965,4925,20.99658329967957,52.225327800237835,"[8.117361464869935, 13.886936800103317, 7.269781106758717, 6.939832121649163, 16.548681780635786, 16.610975842971413, 9.289977385877993]",3
5,628,21.020133407855326,52.14212696062877,703,21.02142779965328,52.14129719960613,"[17.08058628358947, 20.41312370355475, 11.563353382550655, 16.601652141605406, 25.74517502059238, 26.137991358248453, 3.2206849951763763]",6
6,693,21.15516174537044,52.25925587128547,7101,21.155261099720008,52.25944440043878,"[9.428848784429803, 2.194522306292178, 20.022786226087806, 16.45349039897248, 18.221463096146604, 21.341467317530544, 17.37423792247913]",1
7,715,21.140912539127395,52.24409015955781,6212,21.140855600005978,52.24583060000225,"[9.66309156128302, 2.7680216218802256, 18.19918050224832, 15.366228699250497, 18.45570587299982, 21.00060787428386, 15.071557331408616]",1
8,1642,21.077051542778353,52.17533270023355,1864,21.076791699777175,52.17591669979589,"[13.487347113164303, 14.982884875053792, 12.726515971649134, 14.929650171499986, 22.305419914525263, 22.698236252181324, 5.275524694661722]",6
9,1706,21.060285601409166,52.14000019826796,728,21.060958299685808,52.14080280000928,"[17.95541455207378, 20.135802475744843, 13.085139742800996, 18.123438501855745, 26.773487353434728, 27.1663036910908, 2.7257922505949557]",6
10,1732,21.02376676655964,52.13857400202236,670,21.024483300264137,52.13793889996032,"[17.61873127357988, 20.95126869354515, 12.10149837254106, 17.13979713159581, 26.283320010582788, 26.67613634823886, 3.7588299851667824]",6
11,1778,21.01680921902794,52.12200223338294,478,21.018261099670042,52.12167499980143,"[19.060347565736766, 22.392884985702043, 13.543114664697955, 18.581413423752704, 27.724936302739675, 28.117752640395747, 5.200446277323674]",6
12,1781,21.010076689702654,52.11028150268215,395,21.009447200427985,52.11048609985369,"[20.841655990978413, 24.174193410943698, 15.324423089939605, 20.362721848994358, 29.50624472798133, 29.8990610656374, 6.981754702565323]",6
13,2011,21.132917506124684,52.15306307866179,704,21.131736100340788,52.152702800194106,"[19.40408235604535, 18.718543529154747, 17.434479759276638, 20.63990677390957, 28.222155157406302, 28.614971495062374, 8.593102597216477]",6
14,2097,21.027086373696033,52.11474307542656,423,21.03160829968334,52.11325559986608,"[20.770187059942643, 24.10272447990793, 15.252954158903835, 20.291252917958587, 29.434775796945555, 29.827592134601627, 6.910285771529553]",6
15,2127,21.101943849279763,52.11470835341387,474,21.098847199738543,52.11694440036382,"[20.66043609973693, 22.15443509259639, 17.312598572719562, 21.800604573661253, 29.478508901097893, 29.871325238753965, 6.49866163444872]",6
16,2231,21.159555478882588,52.2586034144708,7060,21.16091110036706,52.25867220026191,"[9.837866257751772, 1.9937712432639094, 20.301110030290566, 16.86250787229445, 18.63048056946857, 21.750484790852518, 17.17348685945086]",1
17,2283,21.17131814018653,52.28411346842821,8258,21.172188900097694,52.28574170031925,"[0, 0, 0, 0, 0, 0, 0]",0
18,2305,21.170649531073867,52.28183839125797,8080,21.170244400358854,52.280849999927625,"[0, 0, 0, 0, 0, 0, 0]",0
19,2445,21.171243695420582,52.26929412420893,7564,21.170319400220194,52.26916670038298,"[11.071945315786254, 3.4025977395752784, 21.66588275744426, 18.096586930328932, 19.864559627503052, 22.984563848887, 18.58231335576223]",1
20,2453,21.150119423997666,52.26411536865022,7400,21.14943609999608,52.26547499957161,"[9.695627806285897, 2.8402019033250965, 20.2895652479439, 16.720269420828576, 18.4882421180027, 21.608246339386636, 17.650872212340303]",1
21,2636,21.168425276531586,52.2695074764593,7532,21.16902780019285,52.26853610026086,"[10.813088510013342, 3.3639249334823744, 21.40702595167134, 17.83773012455602, 19.605702821730144, 22.72570704311409, 18.543640549669327]",1
22,2738,21.16538906350285,52.26776063960643,7401,21.165541699689754,52.2673027996845,"[10.452160505488232, 3.309829744035797, 21.046097947146233, 17.47680212003091, 19.24477481720503, 22.36477903858898, 18.407404911542635]",1
23,3116,21.06533531975962,52.28361661871157,8195,21.066449999867643,52.28339169986708,"[2.1862394644740624, 11.0817398884181, 15.892213308313218, 10.005833974908999, 9.456070879171723, 12.766507989989746, 16.626731081831213]",0
24,3137,21.066805204886773,52.283075846019145,8195,21.066449999867643,52.28339169986708,"[2.1862394644740624, 11.0817398884181, 15.892213308313218, 10.005833974908999, 9.456070879171723, 12.766507989989746, 16.626731081831213]",0
25,3208,21.067809973523698,52.28097880377158,8101,21.068144399944174,52.28131110032706,"[2.1071168496606227, 10.797883505436902, 15.60835692533202, 9.941883402960013, 9.709543166234084, 13.019980277052104, 16.342874698850014]",0
26,3282,21.071392635488372,52.26413503971668,7424,21.07068059963001,52.26406939968308,"[2.9242305891954326, 9.590105897126751, 14.860621989026741, 10.111933584787192, 11.71684490091223, 14.91487272724685, 15.193979182273349]",0
27,3356,21.074301284296084,52.27763508626116,7982,21.074458299910646,52.278549999982545,"[2.2818727733901434, 10.55149228920057, 15.78311284906154, 10.524073191470464, 10.291732954744537, 13.602170065562559, 16.51763062257954]",0
28,3377,21.069559698062662,52.27697076847991,7921,21.06794439971435,52.27716109960511,"[0, 0, 0, 0, 0, 0, 0]",0
29,3443,21.03839847904239,52.273712771327205,7817,21.03911390028634,52.27494719985344,"[1.2948299907670378, 12.204473536444787, 14.408862879400141, 7.913559382416312, 9.752190550469042, 12.538142699655564, 15.257275699856045]",0
30,3504,21.075380756115226,52.26827056006803,7130,21.07555830027536,52.268808299863224,"[2.5000622640406296, 9.222566516041322, 15.158845903593702, 10.410157499354153, 11.292676575757426, 14.490704402092048, 15.418549114611391]",0
31,3639,21.0602660575779,52.27935748748194,7998,21.060350000052495,52.27898059987484,"[1.5448386080586463, 10.62106022677703, 15.376077418940707, 9.364433118493583, 9.518840788790211, 12.716868615124833, 16.1105951924587]",0
32,3757,20.992728303573408,52.267998997202646,7503,20.99340000001007,52.26816389964432,"[5.872232039800647, 15.453351644357234, 11.637824578346375, 3.5909469730022394, 11.238643360027448, 11.300937422363079, 13.962594624474312]",3
33,3758,20.9861685628434,52.2679582590816,7513,20.986852799716985,52.26836110028461,"[6.048343410635232, 15.62946301519182, 11.447031556299589, 2.8906501034154375, 11.296659785187048, 11.358953847522676, 13.979335913932214]",3
34,4388,21.047137469133503,52.28883862325214,8442,21.04765559992603,52.29021939960569,"[2.928575884988006, 12.806642938007906, 16.431546269430687, 8.581925618746498, 7.863428643708818, 11.173865754526835, 17.279959089886596]",0
35,4429,20.93363855057466,52.22491302702029,4871,20.933747199773507,52.22443890043496,"[10.909869088787778, 18.311468190311867, 3.8501951489325283, 6.203944290227367, 18.058600603356336, 18.120894665691967, 13.212135485874619]",2
36,4514,21.160693856891275,52.261745930174705,7253,21.160933300131774,52.26211939969062,"[9.857985131674061, 2.4949096755547315, 20.451922573332062, 16.882626746216737, 18.650599443390863, 21.770603664774807, 17.67462529174168]",1
37,4546,21.159162584311357,52.25306449184639,6778,21.15842219962485,52.2532333001767,"[10.301558087817616, 1.045728616032828, 19.92147350809572, 17.088521705097897, 19.09417239953442, 22.214176620918362, 16.793850337256014]",1
38,4857,20.960001503380226,52.18590361709773,2433,20.959508299568427,52.18558890030755,"[13.595061349040353, 18.575268329890466, 4.134031100050942, 11.114461813552461, 21.739806963876344, 21.802101026211982, 7.489340862249939]",2
39,4991,20.938860207475177,52.18074429804207,2121,20.939272200052017,52.18040000005999,"[14.911855002915804, 20.103516209549195, 3.9542904503516283, 12.168864678351087, 23.056600617751794, 23.118894680087426, 9.237461994319746]",2
40,5134,20.93722574608664,52.19687478129607,3101,20.93776669987335,52.196249999837676,"[13.67456012261642, 19.376187309627294, 2.0463796189615775, 9.77626626229282, 21.047474565947756, 21.109768628283394, 9.268597306424574]",2
41,5388,20.897958211722987,52.20657556838438,3765,20.89758060036445,52.20674170036921,"[14.559354046183286, 21.712328826995634, 2.402656529387993, 9.64588752811961, 21.70808556075185, 21.770379623087486, 12.78108567451778]",2
42,5820,20.875686314522873,52.190204300842346,2675,20.875300000094967,52.18949439964689,"[17.529462856106854, 24.03442628419094, 3.4534100932069705, 12.61599633804317, 24.678194370675417, 24.740488433011052, 14.04979825202969]",2
43,5821,20.876225110373856,52.189856304905376,2745,20.876619399965364,52.190622199854715,"[17.374892496639333, 24.049568545131994, 3.334314617586723, 12.46142597857565, 24.523624011207897, 24.58591807354353, 14.064940512970743]",2
44,5876,20.880573520504367,52.19032291904405,2758,20.880205600408203,52.19075280030154,"[17.22290692237182, 23.80973170521418, 3.182329043319209, 12.309440404308136, 24.371638436940383, 24.43393249927602, 13.825103673052935]",2
45,6114,20.870813144910084,52.18692762781702,2491,20.869805600148368,52.186474999621566,"[18.089920443750998, 24.522817304108326, 3.9418011131243564, 13.17645392568731, 25.238651958319554, 25.30094602065519, 14.538189271947077]",2
46,6303,20.886249066383215,52.18603832994238,2444,20.88693060026702,52.18604169996456,"[17.66732260079463, 23.495187945411107, 2.914171754427144, 12.757388185272328, 24.81605411536319, 24.87834817769883, 13.510559913249862]",2
47,6316,20.885711300130286,52.18566891913199,2370,20.885225000033756,52.18478060044441,"[17.667725124411923, 23.75875724229306, 3.1777410513090927, 12.75425860634824, 24.816456638980487, 24.87875070131612, 13.774129210131813]",2
48,6443,20.887064501049984,52.1960376042996,3032,20.887183299869434,52.195061099690065,"[16.743788978007935, 23.088662205940647, 2.3734082783953756, 11.83032245994425, 23.892520492576498, 23.954814554912133, 13.104034173779398]",2
49,6483,20.987360960911296,52.25391555907035,6822,20.985700000154907,52.253897200395556,"[6.116557074601277, 15.057041581470818, 9.532309629252213, 3.5774148670478985, 13.396425398810333, 13.458719461145966, 12.433293688684008]",3
50,6538,21.015940835390385,52.24517943910496,6171,21.01796670030302,52.245172200037075,"[4.850783537306607, 12.623832099707318, 10.340198691294399, 6.141962562388645, 13.51537227430952, 13.908188611965587, 10.90511242724737]",0
51,6554,21.021375628867418,52.245307908431705,6113,21.02140829965333,52.24421109996234,"[4.982946951823523, 12.411731594830771, 10.28034055191097, 6.397967085102978, 13.647535688826437, 14.040352026482504, 10.802906304038187]",0
52,6603,21.01448202628286,52.223639863051204,4885,21.01478889998782,52.22469169986209,"[7.791967860825389, 12.640068281733557, 8.587803508644054, 7.767566027810062, 16.385560205734826, 16.447854268070454, 8.645889011684424]",3
53,6929,21.023309498766793,52.25613935115732,6921,21.0239528000817,52.2558417001344,"[3.7853331671516806, 12.08148905675073, 11.549045824987129, 6.487698667776873, 12.206084492125209, 12.648380441760102, 12.437047662863167]",0
54,6992,21.0213424945785,52.27740893379768,7938,21.023500000424747,52.27722500003375,"[3.1887590278232043, 13.270950230960999, 14.988924349779158, 7.948855548343273, 9.032840988885875, 10.541534806123716, 15.837337170235061]",0
55,6993,21.020587117019108,52.27852758066425,7938,21.023500000424747,52.27722500003375,"[3.1887590278232043, 13.270950230960999, 14.988924349779158, 7.948855548343273, 9.032840988885875, 10.541534806123716, 15.837337170235061]",0
56,7211,21.186097215658044,52.205488948283865,3636,21.186641699654785,52.20488060015964,"[14.639247929249636, 7.21379560643284, 22.41501381382417, 19.830782950050477, 23.431862240966428, 25.465162125083843, 18.145949017037672]",1
57,7431,21.167953794079338,52.18957785981529,2670,21.168361100384516,52.189147200183186,"[15.355150795382349, 9.30230285000003, 22.18522672267565, 20.546685816183192, 24.147765107099143, 26.181064991216555, 16.74039357789243]",1
58,7637,21.144035501939452,52.1866000341932,2413,21.144319400020322,52.1852611001197,"[15.021729805997715, 9.906720544383676, 19.71553803964187, 18.264872841559484, 23.81434411771451, 24.709077611089157, 14.27070489485865]",1
59,7752,21.14430940664379,52.188583108471725,2646,21.14121110021216,52.18904720006827,"[14.546643186673416, 9.431633925059378, 19.430524800544774, 17.97985960246239, 23.339257498390207, 24.424064371992063, 13.985691655761556]",1
60,7787,21.173325834478177,52.18554098546352,2402,21.172122200079514,52.18515830041531,"[15.804908982554265, 9.752061037171943, 22.3194669007093, 20.868801702626925, 24.597523294271067, 26.630823178388464, 16.874633755926077]",1
61,8456,21.23574466541492,52.25302463702958,6830,21.233980600224584,52.25403609978622,"[15.011427787004648, 5.544320963379611, 25.245810508641735, 22.03606940154733, 23.804042098721442, 26.924046320105397, 22.11818733780203]",1
62,8457,21.23745336347158,52.25069400458701,6577,21.239172200236908,52.250263899759204,"[15.87087627594421, 5.530024180132955, 25.339595647825554, 22.755364784051867, 24.663490587661013, 27.78349480904496, 22.192734818502913]",1
63,8569,21.253444336409327,52.25081976615853,6649,21.25431109977751,52.25128060041942,"[16.580963318593298, 6.728999469516415, 26.538570937209013, 23.60560493313598, 25.3735776303101, 28.493581851694046, 23.39171010788637]",1
64,8652,21.23215509157578,52.25076805800366,6576,21.232777800155418,52.250263899759204,"[15.425232630157213, 5.068535913778711, 24.878107381471313, 22.293876517697626, 24.21784694187401, 27.33785116325796, 21.731246552148672]",1
65,8815,20.941771396464517,52.350520125234034,9340,20.941083299754553,52.350736100290874,"[13.993818896941487, 24.076010100079287, 22.278905069704205, 12.913094031228606, 8.585414930785996, 2.1255084506946877, 25.01328640533503]",5
66,8971,21.03241670382995,52.35583183782142,174,21.03190000018492,52.35696109957513,"[11.649699471902768, 21.448599090686145, 23.31010879115917, 13.944297752683577, 1.4082264302231229, 7.992161298032687, 25.713967851469558]",4
67,8991,21.04040717006931,52.35894511818417,272,21.039786100348294,52.359141700129385,"[11.593091284662844, 21.391990903446224, 23.633644381523055, 14.267833343047464, 2.0124218254054713, 8.596356693215034, 25.944474489561433]",4
68,8999,21.04721396176055,52.360481612340855,9209,21.047436099696313,52.361738899930344,"[12.191093979651976, 21.98999359843536, 24.23164707651219, 14.865836038036596, 2.6104245203946035, 9.194359388204166, 26.542477184550567]",4
69,9126,20.96956654773265,52.35275308514335,9370,20.97042220032432,52.35290280002425,"[12.732387530272883, 22.814578733410677, 22.298595821399974, 12.93278478292438, 6.418008351591338, 1.215538565659442, 25.0329771570308]",5
70,9211,21.02312380770815,52.33696841558672,235,21.021749999762733,52.339083300354105,"[9.647691959436049, 19.52575901245595, 21.287740357824752, 11.921929319349163, 3.2648984135750183, 7.062827922361014, 23.69159941813514]",4
71,9252,20.969415904084588,52.28422334802002,8202,20.96912219972978,52.283533299921885,"[8.335038299513917, 17.916157904070513, 12.11532189956146, 2.268724179904835, 10.880302331795626, 10.942596394131256, 16.078577260587693]",3
72,9265,20.98042464479987,52.28224318972594,8228,20.981905600363234,52.28416109955515,"[0, 0, 0, 0, 0, 0, 0]",0
73,9622,20.883733820032894,52.301890462011514,8709,20.88268890017264,52.302469399743075,"[14.704522061086433, 24.28564166564302, 14.515583418156085, 6.51085421589712, 17.55019131073909, 17.612485373074723, 22.046023028620976]",3
74,9755,20.88377138722985,52.28589716724961,8252,20.88091940041005,52.28480280000929,"[13.86681047681404, 23.44793008137063, 13.677871833883692, 5.673142631624728, 17.283293957494223, 17.34558801982985, 21.208311444348585]",3
75,10088,20.955442447428773,52.221463186253025,4661,20.955072200221935,52.22087780007047,"[10.610571773087921, 17.676188709548523, 5.51389822631869, 6.485449894771214, 17.759303287656483, 17.821597349992114, 11.595888035489601]",2
76,10156,20.94509067387736,52.23425972874259,5341,20.944186100208412,52.23357220019693,"[10.398065239415988, 18.0391817044538, 5.472627462362617, 5.096955577975509, 16.925728221753204, 16.98802228408883, 12.939849000016554]",3
77,10316,20.948434507488468,52.18642480018147,2498,20.948802799609552,52.18662500024362,"[13.907972843024188, 19.099634049657578, 3.374332697997625, 11.427373307536302, 22.052718457860184, 22.115012520195815, 8.233579834428133]",2
78,10492,20.95016749895323,52.19309192896777,2845,20.9484222002244,52.192136099701315,"[13.55752066251556, 18.749181869148945, 2.721537649604579, 10.936111877604036, 21.70226627735155, 21.76456033968719, 8.108751691113362]",2
79,10609,20.877392454870588,52.19050711228389,2745,20.876619399965364,52.190622199854715,"[17.374892496639333, 24.049568545131994, 3.334314617586723, 12.46142597857565, 24.523624011207897, 24.58591807354353, 14.064940512970743]",2
80,10770,21.0113497096619,52.23236119513228,5295,21.010061100139694,52.232652799886864,"[6.849231694035165, 12.889850984354862, 8.607261056894423, 6.782787822242829, 15.40078200016759, 15.463076062503221, 9.630667217251656]",3
81,10887,21.02824723092492,52.25796638756132,7014,21.02749999962532,52.25783060030204,"[3.399103465038574, 11.784658751204176, 11.927510743206488, 6.349591569926548, 11.591154407303842, 11.983970744959903, 12.775923563662392]",0
82,11280,20.949984696748643,52.19867411193842,3294,20.951083299554682,52.19973329985197,"[12.974998641973865, 18.166659848607242, 5.194792205658291, 10.494399106485973, 21.119744256809856, 21.182038319145494, 9.127110763976777]",2
83,11419,21.018871308734152,52.125739669327025,449,21.018141700279273,52.12593329958219,"[18.586450147010584, 21.91898756697586, 13.069217245971771, 18.10751600502652, 27.251038884013493, 27.643855221669565, 4.72654885859749]",6
84,11604,21.063030469469357,52.21142971026217,4160,21.063699999855146,52.2122417003942,"[10.035706740770992, 11.359495439620865, 12.09164655284373, 11.774018860770322, 18.85377954213195, 19.246595879788018, 7.498220500764707]",6
85,11622,21.026550866835812,52.281343330648035,8089,21.025647200158232,52.280924999788965,"[3.215708871675857, 13.29790007481365, 15.01587419363181, 7.369325904357087, 8.453311344899689, 9.962005162137531, 15.864287014087713]",0
86,11748,20.915621814963444,52.219306904798195,4540,20.91594440041382,52.2188360998062,"[12.333028700770434, 19.734627802294515, 2.427035536949871, 7.41956218270676, 19.481760215338998, 19.544054277674633, 12.805464682079654]",2
87,11886,21.06307805775279,52.14600550377637,788,21.063380600234552,52.145238900255094,"[17.349120319608858, 19.529508243279924, 12.933434956400877, 17.564321117983546, 26.16719312096981, 26.56000945862588, 2.119498018130033]",6
88,12037,21.16402560301245,52.25397638300246,6862,21.16403890017517,52.25446669967852,"[10.434934411346646, 1.147477190335795, 20.317840386151797, 17.45957602588932, 19.227548723063446, 22.34755294444739, 17.190217215312092]",1
89,12128,21.16726821347005,52.253240028766086,6755,21.16783890004524,52.25286940030264,"[10.740812654429986, 0.7543444670901088, 20.62371862923514, 17.76545426897266, 19.533426966146788, 22.653431187530728, 17.496095458395434]",1
90,12364,21.162775946600657,52.251414071709874,6622,21.162808300262896,52.250772200176925,"[10.707572447315094, 0.6397142565353506, 20.327487867593202, 17.494536064595373, 19.500186759031894, 22.62019098041584, 17.199864696753494]",1
91,12517,21.12431524650693,52.250682520626306,6620,21.12288890010268,52.250763900333766,"[7.7022113122635245, 4.728901870899721, 18.29614875392153, 14.7268529268062, 16.494825623980326, 19.61482984536427, 15.657455718317937]",1
92,12587,21.131556519259437,52.25018184038412,6587,21.13095560032076,52.25034720036308,"[8.287790165806667, 4.219130485283603, 18.628699414826876, 15.312431780349344, 17.08040447752347, 20.20040869890741, 15.501076243987166]",1
93,12591,21.170246803643188,52.24944201833956,6465,21.170997200360546,52.249352800191616,"[11.279944879357068, 0.21521224216302723, 21.02094014225246, 18.187988339254634, 20.07255919107386, 23.192563412457808, 17.88326878571957]",1
94,12655,21.168755737814323,52.249041591481436,6475,21.16787220014197,52.24946939999285,"[11.195558651916489, 0.3435469718525599, 20.8154740721946, 17.98252226919677, 19.988172963633286, 23.10817718501723, 17.68785090135489]",1
95,12680,21.12805868459632,52.24953542616046,6477,21.12837219971732,52.249472199582385,"[8.175055124219465, 4.357396874199488, 18.766965803742764, 15.199696738762142, 16.967669435936266, 20.087673657320206, 15.639342632903052]",1
96,13292,20.858299126672037,52.198166196931396,3263,20.858561099615088,52.19918059990482,"[17.926840858282695, 24.691910792530944, 4.556553913922202, 13.013374340219011, 25.07557237285125, 25.13786643518689, 15.287179809306224]",2
97,13895,20.882258838967555,52.19181384006443,2815,20.88163059957259,52.1917721998272,"[16.965942492793804, 23.640618541286468, 2.925364613741194, 12.05247597473012, 24.114674007362364, 24.176968069698002, 13.655990509125218]",2
98,14053,20.916308287341636,52.22684094846485,4984,20.916002799689522,52.22675280030154,"[12.678267940961582, 20.117473036767525, 3.323585575301434, 6.523012144355196, 18.777636410199978, 18.839930472535617, 13.702014720431217]",2
99,14118,20.916354221581663,52.23254219310111,5254,20.91662500014371,52.23198610007853,"[12.147686382416463, 19.92073494481718, 3.993807198137373, 6.049869186454526, 18.247054851654863, 18.30934891399049, 14.372236343267156]",2
