,db_index_budynki,coordsY_budynki,coordsX_budynki,db_index,coordsY,coordsX,distances,klasyfikacja
0,186,21.02499107309441,52.268094730514086,7472,21.026363899574335,52.266966699653494,"[3.619116534804622, 13.322138599686904, 12.90394286777351, 4.970309894229939, 10.529687172042836, 11.540475587435163, 17.109527348112064]",0
1,250,21.006458460820355,52.31614598957712,8992,21.005688900322525,52.31538060033449,"[8.172278656699806, 18.2544698598376, 18.274851448308596, 9.606896308731137, 5.5877970754551916, 6.2241504631117595, 23.53617099430573]",4
2,316,20.959221375156886,52.25656975267638,7152,20.9577889001377,52.258155600000975,"[8.125821933184232, 17.42718786893514, 10.016047680450564, 0.8748062457066225, 13.138945457429218, 13.201239519764849, 16.940320970735602]",3
3,565,20.976362738066562,52.21929092061788,4514,20.977761099894906,52.218905600313235,"[9.640226809443586, 15.26059913574116, 5.7645404433334395, 5.710543738276782, 17.784972424279584, 17.84726648661521, 12.028918688810315]",3
4,572,20.99702420603972,52.22563153533965,4925,20.99658329967957,52.225327800237835,"[8.117361464869935, 13.886936800103317, 7.269781106758717, 4.794384264509157, 16.548681780635786, 16.610975842971413, 11.735956005052556]",3
5,628,21.020133407855326,52.14212696062877,703,21.02142779965328,52.14129719960613,"[17.08058628358947, 20.41312370355475, 11.563353382550655, 14.519577316315205, 25.74517502059238, 26.137991358248453, 3.2204278479096393]",6
6,693,21.15516174537044,52.25925587128547,7101,21.155261099720008,52.25944440043878,"[9.428848784429803, 2.194522306292178, 20.022786226087806, 14.977910940327984, 18.221463096146604, 21.341467317530544, 20.23169840816588]",1
7,715,21.140912539127395,52.24409015955781,6212,21.140855600005978,52.24583060000225,"[9.66309156128302, 2.7680216218802256, 18.19918050224832, 13.784360001348292, 18.45570587299982, 21.00060787428386, 17.929017817095367]",1
8,1642,21.077051542778353,52.17533270023355,1864,21.076791699777175,52.17591669979589,"[13.487347113164303, 14.982884875053792, 12.726515971649134, 12.847575346209789, 22.305419914525263, 22.698236252181324, 5.9613686447394345]",6
9,1706,21.060285601409166,52.14000019826796,728,21.060958299685808,52.14080280000928,"[17.95541455207378, 20.135802475744843, 13.085139742800996, 16.041363676565545, 26.773487353434728, 27.1663036910908, 0.6692688974691945]",6
10,1732,21.02376676655964,52.13857400202236,670,21.024483300264137,52.13793889996032,"[17.61873127357988, 20.95126869354515, 12.10149837254106, 15.057722306305612, 26.283320010582788, 26.67613634823886, 3.7585728379000445]",6
11,1778,21.01680921902794,52.12200223338294,478,21.018261099670042,52.12167499980143,"[19.060347565736766, 22.392884985702043, 13.543114664697955, 16.499338598462504, 27.724936302739675, 28.117752640395747, 3.771598429931827]",6
12,1781,21.010076689702654,52.11028150268215,395,21.009447200427985,52.11048609985369,"[20.841655990978413, 24.174193410943698, 15.324423089939605, 18.28064702370416, 29.50624472798133, 29.8990610656374, 5.552906855173476]",6
13,2011,21.132917506124684,52.15306307866179,704,21.131736100340788,52.152702800194106,"[19.40408235604535, 18.718543529154747, 17.434479759276638, 18.55783194861937, 28.222155157406302, 28.614971495062374, 8.704012496915446]",6
14,2097,21.027086373696033,52.11474307542656,423,21.03160829968334,52.11325559986608,"[20.770187059942643, 24.10272447990793, 15.252954158903835, 18.209178092668388, 29.434775796945555, 29.827592134601627, 5.4814379241377065]",6
15,2127,21.101943849279763,52.11470835341387,474,21.098847199738543,52.11694440036382,"[20.66043609973693, 22.15443509259639, 17.312598572719562, 19.718529748371054, 29.478508901097893, 29.871325238753965, 4.967232967046082]",6
16,2231,21.159555478882588,52.2586034144708,7060,21.16091110036706,52.25867220026191,"[9.837866257751772, 1.9937712432639094, 20.301110030290566, 15.386928413649953, 18.63048056946857, 21.750484790852518, 20.030947345137612]",1
17,2283,21.17131814018653,52.28411346842821,8258,21.172188900097694,52.28574170031925,"[0, 0, 0, 0, 0, 0, 0]",0
18,2305,21.170649531073867,52.28183839125797,8080,21.170244400358854,52.280849999927625,"[0, 0, 0, 0, 0, 0, 0]",0
19,2445,21.171243695420582,52.26929412420893,7564,21.170319400220194,52.26916670038298,"[11.071945315786254, 3.4025977395752784, 21.66588275744426, 16.621007471684436, 19.864559627503052, 22.984563848887, 21.439773841448982]",1
20,2453,21.150119423997666,52.26411536865022,7400,21.14943609999608,52.26547499957161,"[9.695627806285897, 2.8402019033250965, 20.2895652479439, 15.244689962184077, 18.4882421180027, 21.608246339386636, 20.50833269802705]",1
21,2636,21.168425276531586,52.2695074764593,7532,21.16902780019285,52.26853610026086,"[10.813088510013342, 3.3639249334823744, 21.40702595167134, 16.36215066591152, 19.605702821730144, 22.72570704311409, 21.401101035356078]",1
22,2738,21.16538906350285,52.26776063960643,7401,21.165541699689754,52.2673027996845,"[10.452160505488232, 3.309829744035797, 21.046097947146233, 16.001222661386414, 19.24477481720503, 22.36477903858898, 21.264865397229382]",1
23,3116,21.06533531975962,52.28361661871157,8195,21.066449999867643,52.28339169986708,"[2.1862394644740624, 11.0817398884181, 15.892213308313218, 8.703718945812474, 9.456070879171723, 12.766507989989746, 19.48419156751796]",0
24,3137,21.066805204886773,52.283075846019145,8195,21.066449999867643,52.28339169986708,"[2.1862394644740624, 11.0817398884181, 15.892213308313218, 8.703718945812474, 9.456070879171723, 12.766507989989746, 19.48419156751796]",0
25,3208,21.067809973523698,52.28097880377158,8101,21.068144399944174,52.28131110032706,"[2.1071168496606227, 10.797883505436902, 15.60835692533202, 8.639768373863488, 9.709543166234084, 13.019980277052104, 19.200335184536762]",0
26,3282,21.071392635488372,52.26413503971668,7424,21.07068059963001,52.26406939968308,"[2.9242305891954326, 9.590105897126751, 14.860621989026741, 8.809818555690667, 11.71684490091223, 14.91487272724685, 18.0514396679601]",0
27,3356,21.074301284296084,52.27763508626116,7982,21.074458299910646,52.278549999982545,"[2.2818727733901434, 10.55149228920057, 15.78311284906154, 9.22195816237394, 10.291732954744537, 13.602170065562559, 19.375091108266286]",0
28,3377,21.069559698062662,52.27697076847991,7921,21.06794439971435,52.27716109960511,"[0, 0, 0, 0, 0, 0, 0]",0
29,3443,21.03839847904239,52.273712771327205,7817,21.03911390028634,52.27494719985344,"[1.2948299907670378, 12.204473536444787, 14.408862879400141, 6.611444353319786, 9.752190550469042, 12.538142699655564, 18.114736185542803]",0
30,3504,21.075380756115226,52.26827056006803,7130,21.07555830027536,52.268808299863224,"[2.5000622640406296, 9.222566516041322, 15.158845903593702, 9.108042470257628, 11.292676575757426, 14.490704402092048, 18.276009600298135]",0
31,3639,21.0602660575779,52.27935748748194,7998,21.060350000052495,52.27898059987484,"[1.5448386080586463, 10.62106022677703, 15.376077418940707, 8.062318089397058, 9.518840788790211, 12.716868615124833, 18.96805567814545]",0
32,3757,20.992728303573408,52.267998997202646,7503,20.99340000001007,52.26816389964432,"[5.872232039800647, 15.453351644357234, 11.637824578346375, 2.934976896304827, 11.238643360027448, 11.300937422363079, 16.56880001548616]",3
33,3758,20.9861685628434,52.2679582590816,7513,20.986852799716985,52.26836110028461,"[6.048343410635232, 15.62946301519182, 11.447031556299589, 2.4501545425885736, 11.296659785187048, 11.358953847522676, 16.585541304944062]",3
34,4388,21.047137469133503,52.28883862325214,8442,21.04765559992603,52.29021939960569,"[2.928575884988006, 12.806642938007906, 16.431546269430687, 8.634127743350332, 7.863428643708818, 11.173865754526835, 20.13741957557335]",0
35,4429,20.93363855057466,52.22491302702029,4871,20.933747199773507,52.22443890043496,"[10.909869088787778, 18.311468190311867, 3.8501951489325283, 5.857924617946982, 18.058600603356336, 18.120894665691967, 15.491136936421107]",2
36,4514,21.160693856891275,52.261745930174705,7253,21.160933300131774,52.26211939969062,"[9.857985131674061, 2.4949096755547315, 20.451922573332062, 15.40704728757224, 18.650599443390863, 21.770603664774807, 20.53208577742843]",1
37,4546,21.159162584311357,52.25306449184639,6778,21.15842219962485,52.2532333001767,"[10.301558087817616, 1.045728616032828, 19.92147350809572, 15.50665300719569, 19.09417239953442, 22.214176620918362, 19.651310822942765]",1
38,4857,20.960001503380226,52.18590361709773,2433,20.959508299568427,52.18558890030755,"[13.595061349040353, 18.575268329890466, 4.134031100050942, 9.66537827787355, 21.739806963876344, 21.802101026211982, 9.768342312796431]",2
39,4991,20.938860207475177,52.18074429804207,2121,20.939272200052017,52.18040000005999,"[14.911855002915804, 20.103516209549195, 3.9542904503516283, 10.982171931749, 23.056600617751794, 23.118894680087426, 11.516463444866236]",2
40,5134,20.93722574608664,52.19687478129607,3101,20.93776669987335,52.196249999837676,"[13.67456012261642, 19.376187309627294, 2.0463796189615775, 8.846798580538398, 21.047474565947756, 21.109768628283394, 11.547598756971066]",2
41,5388,20.897958211722987,52.20657556838438,3765,20.89758060036445,52.20674170036921,"[14.559354046183286, 21.712328826995634, 2.402656529387993, 9.507409575342487, 21.70808556075185, 21.770379623087486, 15.060087125064271]",2
42,5820,20.875686314522873,52.190204300842346,2675,20.875300000094967,52.18949439964689,"[17.529462856106854, 24.03442628419094, 3.4534100932069705, 12.477518385266054, 24.678194370675417, 24.740488433011052, 16.32879970257618]",2
43,5821,20.876225110373856,52.189856304905376,2745,20.876619399965364,52.190622199854715,"[17.374892496639333, 24.049568545131994, 3.334314617586723, 12.322948025798533, 24.523624011207897, 24.58591807354353, 16.343941963517235]",2
44,5876,20.880573520504367,52.19032291904405,2758,20.880205600408203,52.19075280030154,"[17.22290692237182, 23.80973170521418, 3.182329043319209, 12.170962451531018, 24.371638436940383, 24.43393249927602, 16.104105123599425]",2
45,6114,20.870813144910084,52.18692762781702,2491,20.869805600148368,52.186474999621566,"[18.089920443750998, 24.522817304108326, 3.9418011131243564, 13.037975972910193, 25.238651958319554, 25.30094602065519, 16.81719072249357]",2
46,6303,20.886249066383215,52.18603832994238,2444,20.88693060026702,52.18604169996456,"[17.66732260079463, 23.495187945411107, 2.914171754427144, 12.615378129953829, 24.81605411536319, 24.87834817769883, 15.789561363796354]",2
47,6316,20.885711300130286,52.18566891913199,2370,20.885225000033756,52.18478060044441,"[17.667725124411923, 23.75875724229306, 3.1777410513090927, 12.615780653571123, 24.816456638980487, 24.87875070131612, 16.053130660678303]",2
48,6443,20.887064501049984,52.1960376042996,3032,20.887183299869434,52.195061099690065,"[16.743788978007935, 23.088662205940647, 2.3734082783953756, 11.691844507167133, 23.892520492576498, 23.954814554912133, 15.38303562432589]",2
49,6483,20.987360960911296,52.25391555907035,6822,20.985700000154907,52.253897200395556,"[6.116557074601277, 15.057041581470818, 9.532309629252213, 1.495340041757699, 13.396425398810333, 13.458719461145966, 14.87927230785857]",3
50,6538,21.015940835390385,52.24517943910496,6171,21.01796670030302,52.245172200037075,"[4.850783537306607, 12.623832099707318, 10.340198691294399, 4.366380905754728, 13.51537227430952, 13.908188611965587, 13.762572912934116]",3
51,6554,21.021375628867418,52.245307908431705,6113,21.02140829965333,52.24421109996234,"[4.982946951823523, 12.411731594830771, 10.28034055191097, 4.62238542846906, 13.647535688826437, 14.040352026482504, 13.660366789724932]",3
52,6603,21.01448202628286,52.223639863051204,4885,21.01478889998782,52.22469169986209,"[7.791967860825389, 12.640068281733557, 8.587803508644054, 5.685491202519864, 16.385560205734826, 16.447854268070454, 11.252094402696274]",3
53,6929,21.023309498766793,52.25613935115732,6921,21.0239528000817,52.2558417001344,"[3.7853331671516806, 12.08148905675073, 11.549045824987129, 5.185583638680348, 12.206084492125209, 12.648380441760102, 15.294508148549914]",0
54,6992,21.0213424945785,52.27740893379768,7938,21.023500000424747,52.27722500003375,"[3.1887590278232043, 13.270950230960999, 14.988924349779158, 7.105195086956278, 9.032840988885875, 10.541534806123716, 18.694797655921807]",0
55,6993,21.020587117019108,52.27852758066425,7938,21.023500000424747,52.27722500003375,"[3.1887590278232043, 13.270950230960999, 14.988924349779158, 7.105195086956278, 9.032840988885875, 10.541534806123716, 18.694797655921807]",0
56,7211,21.186097215658044,52.205488948283865,3636,21.186641699654785,52.20488060015964,"[14.639247929249636, 7.21379560643284, 22.41501381382417, 18.24891425214827, 23.431862240966428, 25.465162125083843, 21.003409502724416]",1
57,7431,21.167953794079338,52.18957785981529,2670,21.168361100384516,52.189147200183186,"[15.355150795382349, 9.30230285000003, 22.18522672267565, 18.958979867959346, 24.147765107099143, 26.181064991216555, 19.597854063579174]",1
58,7637,21.144035501939452,52.1866000341932,2413,21.144319400020322,52.1852611001197,"[15.021729805997715, 9.906720544383676, 19.71553803964187, 16.489291184925566, 23.81434411771451, 24.709077611089157, 17.128165380545394]",1
59,7752,21.14430940664379,52.188583108471725,2646,21.14121110021216,52.18904720006827,"[14.546643186673416, 9.431633925059378, 19.430524800544774, 16.20427794582847, 23.339257498390207, 24.424064371992063, 16.8431521414483]",1
60,7787,21.173325834478177,52.18554098546352,2402,21.172122200079514,52.18515830041531,"[15.804908982554265, 9.752061037171943, 22.3194669007093, 19.093220045993, 24.597523294271067, 26.630823178388464, 19.73209424161282]",1
61,8456,21.23574466541492,52.25302463702958,6830,21.233980600224584,52.25403609978622,"[15.011427787004648, 5.544320963379611, 25.245810508641735, 20.560489942902823, 23.804042098721442, 26.924046320105397, 24.97564782348878]",1
62,8457,21.23745336347158,52.25069400458701,6577,21.239172200236908,52.250263899759204,"[15.87087627594421, 5.530024180132955, 25.339595647825554, 21.173496086149655, 24.663490587661013, 27.78349480904496, 25.050195304189657]",1
63,8569,21.253444336409327,52.25081976615853,6649,21.25431109977751,52.25128060041942,"[16.580963318593298, 6.728999469516415, 26.538570937209013, 22.13002547449148, 25.3735776303101, 28.493581851694046, 26.249170593573115]",1
64,8652,21.23215509157578,52.25076805800366,6576,21.232777800155418,52.250263899759204,"[15.425232630157213, 5.068535913778711, 24.878107381471313, 20.712007819795414, 24.21784694187401, 27.33785116325796, 24.588707037835416]",1
65,8815,20.941771396464517,52.350520125234034,9340,20.941083299754553,52.350736100290874,"[13.993818896941487, 24.076010100079287, 22.278905069704205, 13.610949930126747, 8.585414930785996, 2.1255084506946877, 27.870746891021778]",5
66,8971,21.03241670382995,52.35583183782142,174,21.03190000018492,52.35696109957513,"[11.649699471902768, 21.448599090686145, 23.31010879115917, 14.642153651581715, 1.4082264302231229, 7.992161298032687, 28.571428337156302]",4
67,8991,21.04040717006931,52.35894511818417,272,21.039786100348294,52.359141700129385,"[11.593091284662844, 21.391990903446224, 23.633644381523055, 14.965689241945602, 2.0124218254054713, 8.596356693215034, 28.801934975248187]",4
68,8999,21.04721396176055,52.360481612340855,9209,21.047436099696313,52.361738899930344,"[12.191093979651976, 21.98999359843536, 24.23164707651219, 15.563691936934735, 2.6104245203946035, 9.194359388204166, 29.39993767023732]",4
69,9126,20.96956654773265,52.35275308514335,9370,20.97042220032432,52.35290280002425,"[12.732387530272883, 22.814578733410677, 22.298595821399974, 13.63064068182252, 6.418008351591338, 1.215538565659442, 27.890437642717547]",5
70,9211,21.02312380770815,52.33696841558672,235,21.021749999762733,52.339083300354105,"[9.647691959436049, 19.52575901245595, 21.287740357824752, 12.619785218247301, 3.2648984135750183, 7.062827922361014, 26.549059903821888]",4
71,9252,20.969415904084588,52.28422334802002,8202,20.96912219972978,52.283533299921885,"[8.335038299513917, 17.916157904070513, 12.11532189956146, 3.7878367261045813, 10.880302331795626, 10.942596394131256, 18.524555879762254]",3
72,9265,20.98042464479987,52.28224318972594,8228,20.981905600363234,52.28416109955515,"[0, 0, 0, 0, 0, 0, 0]",0
73,9622,20.883733820032894,52.301890462011514,8709,20.88268890017264,52.302469399743075,"[14.704522061086433, 24.28564166564302, 14.515583418156085, 8.587509229858217, 17.55019131073909, 17.612485373074723, 24.49200164779554]",3
74,9755,20.88377138722985,52.28589716724961,8252,20.88091940041005,52.28480280000929,"[13.86681047681404, 23.44793008137063, 13.677871833883692, 7.749797645585824, 17.283293957494223, 17.34558801982985, 23.65429006352315]",3
75,10088,20.955442447428773,52.221463186253025,4661,20.955072200221935,52.22087780007047,"[10.610571773087921, 17.676188709548523, 5.51389822631869, 5.558627302247126, 17.759303287656483, 17.821597349992114, 13.87488948603609]",2
76,10156,20.94509067387736,52.23425972874259,5341,20.944186100208412,52.23357220019693,"[10.398065239415988, 18.0391817044538, 5.472627462362617, 4.725052236343847, 16.925728221753204, 16.98802228408883, 15.218850450563043]",3
77,10316,20.948434507488468,52.18642480018147,2498,20.948802799609552,52.18662500024362,"[13.907972843024188, 19.099634049657578, 3.374332697997625, 9.978289771857385, 22.052718457860184, 22.115012520195815, 10.512581284974623]",2
78,10492,20.95016749895323,52.19309192896777,2845,20.9484222002244,52.192136099701315,"[13.55752066251556, 18.749181869148945, 2.721537649604579, 9.627837591348758, 21.70226627735155, 21.76456033968719, 10.387753141659854]",2
79,10609,20.877392454870588,52.19050711228389,2745,20.876619399965364,52.190622199854715,"[17.374892496639333, 24.049568545131994, 3.334314617586723, 12.322948025798533, 24.523624011207897, 24.58591807354353, 16.343941963517235]",2
80,10770,21.0113497096619,52.23236119513228,5295,21.010061100139694,52.232652799886864,"[6.849231694035165, 12.889850984354862, 8.607261056894423, 4.700712996952632, 15.40078200016759, 15.463076062503221, 12.236872608263505]",3
81,10887,21.02824723092492,52.25796638756132,7014,21.02749999962532,52.25783060030204,"[3.399103465038574, 11.784658751204176, 11.927510743206488, 5.047476540830023, 11.591154407303842, 11.983970744959903, 15.63338404934914]",0
82,11280,20.949984696748643,52.19867411193842,3294,20.951083299554682,52.19973329985197,"[12.974998641973865, 18.166659848607242, 5.194792205658291, 9.04531557080706, 21.119744256809856, 21.182038319145494, 11.406112214523267]",2
83,11419,21.018871308734152,52.125739669327025,449,21.018141700279273,52.12593329958219,"[18.586450147010584, 21.91898756697586, 13.069217245971771, 16.02544117973632, 27.251038884013493, 27.643855221669565, 3.2977010112056426]",6
84,11604,21.063030469469357,52.21142971026217,4160,21.063699999855146,52.2122417003942,"[10.035706740770992, 11.359495439620865, 12.09164655284373, 9.749732504962633, 18.85377954213195, 19.246595879788018, 10.355680986451457]",3
85,11622,21.026550866835812,52.281343330648035,8089,21.025647200158232,52.280924999788965,"[3.215708871675857, 13.29790007481365, 15.01587419363181, 7.132144930808931, 8.453311344899689, 9.962005162137531, 18.721747499774462]",0
86,11748,20.915621814963444,52.219306904798195,4540,20.91594440041382,52.2188360998062,"[12.333028700770434, 19.734627802294515, 2.427035536949871, 7.281084229929639, 19.481760215338998, 19.544054277674633, 15.084466132626146]",2
87,11886,21.06307805775279,52.14600550377637,788,21.063380600234552,52.145238900255094,"[17.349120319608858, 19.529508243279924, 12.933434956400877, 15.482246292693349, 26.16719312096981, 26.56000945862588, 1.3867867827554745]",6
88,12037,21.16402560301245,52.25397638300246,6862,21.16403890017517,52.25446669967852,"[10.434934411346646, 1.147477190335795, 20.317840386151797, 15.903019885251771, 19.227548723063446, 22.34755294444739, 20.047677700998843]",1
89,12128,21.16726821347005,52.253240028766086,6755,21.16783890004524,52.25286940030264,"[10.740812654429986, 0.7543444670901088, 20.62371862923514, 16.20889812833511, 19.533426966146788, 22.653431187530728, 20.353555944082185]",1
90,12364,21.162775946600657,52.251414071709874,6622,21.162808300262896,52.250772200176925,"[10.707572447315094, 0.6397142565353506, 20.327487867593202, 15.912667366693167, 19.500186759031894, 22.62019098041584, 20.05732518244025]",1
91,12517,21.12431524650693,52.250682520626306,6620,21.12288890010268,52.250763900333766,"[7.7022113122635245, 4.728901870899721, 18.29614875392153, 13.251273468161704, 16.494825623980326, 19.61482984536427, 18.514916204004685]",1
92,12587,21.131556519259437,52.25018184038412,6587,21.13095560032076,52.25034720036308,"[8.287790165806667, 4.219130485283603, 18.628699414826876, 13.836852321704848, 17.08040447752347, 20.20040869890741, 18.358536729673922]",1
93,12591,21.170246803643188,52.24944201833956,6465,21.170997200360546,52.249352800191616,"[11.279944879357068, 0.21521224216302723, 21.02094014225246, 16.606119641352425, 20.07255919107386, 23.192563412457808, 20.74072927140632]",1
94,12655,21.168755737814323,52.249041591481436,6475,21.16787220014197,52.24946939999285,"[11.195558651916489, 0.3435469718525599, 20.8154740721946, 16.400653571294566, 19.988172963633286, 23.10817718501723, 20.545311387041647]",1
95,12680,21.12805868459632,52.24953542616046,6477,21.12837219971732,52.249472199582385,"[8.175055124219465, 4.357396874199488, 18.766965803742764, 13.724117280117646, 16.967669435936266, 20.087673657320206, 18.49680311858981]",1
96,13292,20.858299126672037,52.198166196931396,3263,20.858561099615088,52.19918059990482,"[17.926840858282695, 24.691910792530944, 4.556553913922202, 12.874896387441895, 25.07557237285125, 25.13786643518689, 17.56618125985272]",2
97,13895,20.882258838967555,52.19181384006443,2815,20.88163059957259,52.1917721998272,"[16.965942492793804, 23.640618541286468, 2.925364613741194, 11.913998021953002, 24.114674007362364, 24.176968069698002, 15.93499195967171]",2
98,14053,20.916308287341636,52.22684094846485,4984,20.916002799689522,52.22675280030154,"[12.678267940961582, 20.117473036767525, 3.323585575301434, 7.005254937889439, 18.777636410199978, 18.839930472535617, 15.981016170977709]",2
99,14118,20.916354221581663,52.23254219310111,5254,20.91662500014371,52.23198610007853,"[12.147686382416463, 19.92073494481718, 3.993807198137373, 6.47467337934432, 18.247054851654863, 18.30934891399049, 16.65123779381365]",2
