,db_index_budynki,coordsY_budynki,coordsX_budynki,db_index,coordsY,coordsX,distances,klasyfikacja
0,186,21.02499107309441,52.268094730514086,7472,21.026363899574335,52.266966699653494,"[5.2299558270137, 17.346811577732613, 11.81544190705858, 9.762719541742998, 11.015423378373837]",0
1,250,21.006458460820355,52.31614598957712,8992,21.005688900322525,52.31538060033449,"[1.7448736327839338, 23.77345522392628, 18.016282078101213, 16.154055309290985, 16.093444460708657]",0
2,316,20.959221375156886,52.25656975267638,7152,20.9577889001377,52.258155600000975,"[7.86263582394232, 17.239927071367607, 15.920491176306816, 8.964967983348243, 7.888154654643667]",0
3,565,20.976362738066562,52.21929092061788,4514,20.977761099894906,52.218905600313235,"[12.508662790792682, 12.328524789442323, 13.657466255138072, 3.8314416722453943, 6.196821498567829]",3
4,572,20.99702420603972,52.22563153533965,4925,20.99658329967957,52.225327800237835,"[11.272372147148886, 12.03556210568456, 12.328306364365336, 3.760603017665202, 6.812132234533905]",3
5,628,21.020133407855326,52.14212696062877,703,21.02142779965328,52.14129719960613,"[20.445443675563244, 4.211166619375628, 17.6877868554878, 7.099789900017121, 14.364148448961032]",1
6,693,21.15516174537044,52.25925587128547,7101,21.155261099720008,52.25944440043878,"[14.591158307633025, 20.468982637786436, 5.414435752801642, 14.714872184191485, 19.032416623151125]",2
7,715,21.140912539127395,52.24409015955781,6212,21.140855600005978,52.24583060000225,"[14.825401084486241, 18.16630204671592, 3.2812142851265778, 12.421442888404217, 17.498208836611663]",2
8,1642,21.077051542778353,52.17533270023355,1864,21.076791699777175,52.17591669979589,"[17.00568856949612, 6.022449479826131, 12.25754802698684, 6.440067402107399, 15.145911610930316]",1
9,1706,21.060285601409166,52.14000019826796,728,21.060958299685808,52.14080280000928,"[21.47375600840559, 0.6269987831190011, 17.410465627677898, 8.621576260267458, 15.885934809211372]",1
10,1732,21.02376676655964,52.13857400202236,670,21.024483300264137,52.13793889996032,"[20.98358866555365, 4.749311609366034, 18.225931845478204, 7.637934890007525, 14.902293438951437]",1
11,1778,21.01680921902794,52.12200223338294,478,21.018261099670042,52.12167499980143,"[22.425204957710537, 4.715380021949918, 19.66754813763509, 9.079551182164417, 16.343909731108333]",1
12,1781,21.010076689702654,52.11028150268215,395,21.009447200427985,52.11048609985369,"[24.206513382952192, 6.496688447191568, 21.448856562876742, 10.860859607406068, 18.125218156349987]",1
13,2011,21.132917506124684,52.15306307866179,704,21.131736100340788,52.152702800194106,"[22.922423812377165, 8.543317021036707, 15.993206681087795, 11.913927341004825, 20.23527482568702]",1
14,2097,21.027086373696033,52.11474307542656,423,21.03160829968334,52.11325559986608,"[24.135044451916418, 6.4252195161557975, 21.37738763184097, 10.789390676370298, 18.053749225314217]",1
15,2127,21.101943849279763,52.11470835341387,474,21.098847199738543,52.11694440036382,"[24.178777556068756, 4.094234284067866, 19.42909824452944, 12.441622492713954, 20.113393639129946]",1
16,2231,21.159555478882588,52.2586034144708,7060,21.16091110036706,52.25867220026191,"[15.000175780954994, 20.26823157475817, 5.213684689773373, 14.52337241644646, 19.441434096473092]",2
17,2283,21.17131814018653,52.28411346842821,8258,21.172188900097694,52.28574170031925,"[0, 0, 0, 0, 0]",0
18,2305,21.170649531073867,52.28183839125797,8080,21.170244400358854,52.280849999927625,"[0, 0, 0, 0, 0]",0
19,2445,21.171243695420582,52.26929412420893,7564,21.170319400220194,52.26916670038298,"[16.234254838989475, 21.67705807106954, 6.6225111860847425, 15.932198912757828, 20.675513154507577]",2
20,2453,21.150119423997666,52.26411536865022,7400,21.14943609999608,52.26547499957161,"[14.857937329489117, 20.7456169276476, 6.060115349834561, 14.981651206047578, 19.29919564500722]",2
21,2636,21.168425276531586,52.2695074764593,7532,21.16902780019285,52.26853610026086,"[15.975398033216566, 21.638385264976634, 6.583838379991839, 15.893526106664924, 20.41665634873466]",2
22,2738,21.16538906350285,52.26776063960643,7401,21.165541699689754,52.2673027996845,"[15.614470028691455, 21.50214962684993, 6.529743190545261, 15.738183905249915, 20.05572834420955]",2
23,3116,21.06533531975962,52.28361661871157,8195,21.066449999867643,52.28339169986708,"[6.016198980092227, 19.721475797138513, 11.170471792269218, 12.340799241253576, 14.003693818913545]",0
24,3137,21.066805204886773,52.283075846019145,8195,21.066449999867643,52.28339169986708,"[6.016198980092227, 19.721475797138513, 11.170471792269218, 12.340799241253576, 14.003693818913545]",0
25,3208,21.067809973523698,52.28097880377158,8101,21.068144399944174,52.28131110032706,"[6.269671267154586, 19.437619414157314, 10.88661540928802, 12.056942858272377, 13.719837435932346]",0
26,3282,21.071392635488372,52.26413503971668,7424,21.07068059963001,52.26406939968308,"[8.164563717349331, 18.288723897580653, 9.678837800977869, 11.309207921967099, 12.972102499627068]",0
27,3356,21.074301284296084,52.27763508626116,7982,21.074458299910646,52.278549999982545,"[6.851861055665039, 19.61237533788684, 10.640224193051688, 12.231698782001898, 13.894593359661867]",0
28,3377,21.069559698062662,52.27697076847991,7921,21.06794439971435,52.27716109960511,"[0, 0, 0, 0, 0]",0
29,3443,21.03839847904239,52.273712771327205,7817,21.03911390028634,52.27494719985344,"[5.787833689758047, 18.352020415163356, 12.293205440295905, 10.857448812340499, 12.520343390000468]",0
30,3504,21.075380756115226,52.26827056006803,7130,21.07555830027536,52.268808299863224,"[7.740395392194529, 18.513293829918688, 9.31129841989244, 11.60743183653406, 13.27032641419403]",0
31,3639,21.0602660575779,52.27935748748194,7998,21.060350000052495,52.27898059987484,"[5.966559605227314, 19.205339907766003, 10.709792130628148, 11.824663351881064, 13.487557929541033]",0
32,3757,20.992728303573408,52.267998997202646,7503,20.99340000001007,52.26816389964432,"[5.962333726540548, 16.86840611611817, 13.94665495172891, 8.712231628973509, 9.749305088946699]",0
33,3758,20.9861685628434,52.2679582590816,7513,20.986852799716985,52.26836110028461,"[6.020350151700148, 16.88514740557607, 14.122766322563496, 8.728972918431412, 9.558512066899912]",0
34,4388,21.047137469133503,52.28883862325214,8442,21.04765559992603,52.29021939960569,"[4.42355674462932, 20.374703805193903, 12.895374841859024, 12.880132202371042, 14.543026780031012]",0
35,4429,20.93363855057466,52.22491302702029,4871,20.933747199773507,52.22443890043496,"[12.78229096986944, 15.790743037053112, 16.80477149768354, 7.293659919856192, 1.954762268180027]",4
36,4514,21.160693856891275,52.261745930174705,7253,21.160933300131774,52.26211939969062,"[15.020294654877283, 20.769370007048988, 5.714823122064195, 15.024510848737282, 19.46155297039538]",2
37,4546,21.159162584311357,52.25306449184639,6778,21.15842219962485,52.2532333001767,"[15.463867611020836, 19.88859505256332, 4.834048167578526, 14.143735894251614, 19.22050184245906]",2
38,4857,20.960001503380226,52.18590361709773,2433,20.959508299568427,52.18558890030755,"[16.463497330389444, 10.067948413428436, 16.972135449287382, 4.550357429186123, 6.934826166461322]",3
39,4991,20.938860207475177,52.18074429804207,2121,20.939272200052017,52.18040000005999,"[17.78029098426489, 11.816069545498243, 18.5003833289461, 6.452362579353311, 6.7550855167620085]",3
40,5134,20.93722574608664,52.19687478129607,3101,20.93776669987335,52.196249999837676,"[15.771164932460856, 11.84720485760307, 17.7730544290242, 6.257873854264282, 4.4791693335302485]",4
41,5388,20.897958211722987,52.20657556838438,3765,20.89758060036445,52.20674170036921,"[16.431775927264948, 15.359693225696276, 20.10919594639254, 9.299880055063174, 3.0519450704615165]",4
42,5820,20.875686314522873,52.190204300842346,2675,20.875300000094967,52.18949439964689,"[19.401884737188514, 16.628405803208185, 22.431293403587844, 11.039074799869397, 6.022053880385077]",4
43,5821,20.876225110373856,52.189856304905376,2745,20.876619399965364,52.190622199854715,"[19.247314377720993, 16.643548064149243, 22.446435664528902, 11.054217060810457, 5.867483520917557]",4
44,5876,20.880573520504367,52.19032291904405,2758,20.880205600408203,52.19075280030154,"[19.09532880345348, 16.40371122423143, 22.20659882461109, 10.814380220892643, 5.715497946650043]",4
45,6114,20.870813144910084,52.18692762781702,2491,20.869805600148368,52.186474999621566,"[19.96234232483265, 17.116796823125576, 22.91968442350523, 11.527465819786782, 6.5825114680292165]",4
46,6303,20.886249066383215,52.18603832994238,2444,20.88693060026702,52.18604169996456,"[19.539744481876287, 16.089167464428357, 21.892055064808016, 10.49983646108957, 6.163445727614236]",4
47,6316,20.885711300130286,52.18566891913199,2370,20.885225000033756,52.18478060044441,"[19.540147005493584, 16.352736761310307, 22.155624361689966, 10.763405757971519, 6.160316148690147]",4
48,6443,20.887064501049984,52.1960376042996,3032,20.887183299869434,52.195061099690065,"[18.616210859089595, 15.682641724957895, 21.485529325337556, 10.09331072161911, 5.236380002286158]",4
49,6483,20.987360960911296,52.25391555907035,6822,20.985700000154907,52.253897200395556,"[8.120115765323435, 15.178878408490574, 13.550344888842494, 6.903919320471215, 7.643790139852533]",3
50,6538,21.015940835390385,52.24517943910496,6171,21.01796670030302,52.245172200037075,"[8.215640929280385, 13.999857142554667, 11.117135407078992, 6.362581750093715, 8.451679201894725]",3
51,6554,21.021375628867418,52.245307908431705,6113,21.02140829965333,52.24421109996234,"[8.347804343797302, 13.897651019345483, 10.905034902202443, 6.260375626884531, 8.707683724609057]",3
52,6603,21.01448202628286,52.223639863051204,4885,21.01478889998782,52.22469169986209,"[11.109250572247927, 11.55170050332828, 11.036935401130467, 3.5844352263026127, 8.130154636419244]",3
53,6929,21.023309498766793,52.25613935115732,6921,21.0239528000817,52.2558417001344,"[6.955832759074905, 15.531792378170467, 10.574792364122406, 7.997631757927485, 9.660526335587456]",0
54,6992,21.0213424945785,52.27740893379768,7938,21.023500000424747,52.27722500003375,"[3.7912257962261986, 18.93208188554236, 13.032762449224611, 11.437510282719515, 13.100404860379484]",0
55,6993,21.020587117019108,52.27852758066425,7938,21.023500000424747,52.27722500003375,"[3.7912257962261986, 18.93208188554236, 13.032762449224611, 11.437510282719515, 13.100404860379484]",0
56,7211,21.186097215658044,52.205488948283865,3636,21.186641699654785,52.20488060015964,"[19.474637766865353, 21.24069373234497, 3.595386134146402, 16.55775117999186, 21.962763087411645]",2
57,7431,21.167953794079338,52.18957785981529,2670,21.168361100384516,52.189147200183186,"[20.19054063299807, 19.835138293199726, 5.964874176211238, 15.152195740846626, 21.92964357946184]",2
58,7637,21.144035501939452,52.1866000341932,2413,21.144319400020322,52.1852611001197,"[18.718553252870667, 17.365449610165943, 6.569291870594883, 12.682507057812845, 19.45995489642806]",2
59,7752,21.14430940664379,52.188583108471725,2646,21.14121110021216,52.18904720006827,"[18.43354001377357, 17.08043637106885, 6.0942052512705835, 12.397493818715748, 19.174941657330965]",2
60,7787,21.173325834478177,52.18554098546352,2402,21.172122200079514,52.18515830041531,"[20.640298820169978, 19.969378471233373, 6.333998667884087, 15.28643591888028, 22.06388375749549]",2
61,8456,21.23574466541492,52.25302463702958,6830,21.233980600224584,52.25403609978622,"[20.173737310207873, 25.212932053109338, 8.469792028987186, 19.468072894797636, 24.544838843005078]",2
62,8457,21.23745336347158,52.25069400458701,6577,21.239172200236908,52.250263899759204,"[21.033185799147436, 25.287479533810213, 8.455495245740531, 19.54262037549851, 24.887344921413018]",2
63,8569,21.253444336409327,52.25081976615853,6649,21.25431109977751,52.25128060041942,"[21.74327284179652, 26.48645482319367, 9.654470535123991, 20.74159566488197, 26.086320210796476]",2
64,8652,21.23215509157578,52.25076805800366,6576,21.232777800155418,52.250263899759204,"[20.587542153360435, 24.825991267455972, 7.994006979386287, 19.08113210914427, 24.425856655058777]",2
65,8815,20.941771396464517,52.350520125234034,9340,20.941083299754553,52.350736100290874,"[7.566413873025621, 28.108031120642327, 22.576661449968288, 20.1581089306866, 20.097498082104273]",0
66,8971,21.03241670382995,52.35583183782142,174,21.03190000018492,52.35696109957513,"[6.780130975634509, 28.80871256677685, 21.537330994537264, 21.189312652141563, 21.128701803559235]",0
67,8991,21.04040717006931,52.35894511818417,272,21.039786100348294,52.359141700129385,"[7.349286181553898, 29.03921920486874, 21.480722807297344, 21.512848242505456, 21.452237393923127]",0
68,8999,21.04721396176055,52.360481612340855,9209,21.047436099696313,52.361738899930344,"[7.9472888765430305, 29.637221899857874, 22.078725502286478, 22.11085093749459, 22.05024008891226]",0
69,9126,20.96956654773265,52.35275308514335,9370,20.97042220032432,52.35290280002425,"[6.304982506357008, 28.127721872338096, 22.57639095167429, 20.177799682382368, 20.117188833800043]",0
70,9211,21.02312380770815,52.33696841558672,235,21.021749999762733,52.339083300354105,"[4.757762542300097, 26.786344133442437, 19.614490916307066, 19.166944218807146, 19.106333370224817]",0
71,9252,20.969415904084588,52.28422334802002,8202,20.96912219972978,52.283533299921885,"[5.603992698308726, 18.824161980394262, 16.409461211442185, 10.549202892374899, 9.743895235862459]",0
72,9265,20.98042464479987,52.28224318972594,8228,20.981905600363234,52.28416109955515,"[0, 0, 0, 0, 0]",0
73,9622,20.883733820032894,52.301890462011514,8709,20.88268890017264,52.302469399743075,"[12.273881677252193, 24.791607748427545, 22.778944973014692, 16.516648660408183, 12.144156754457077]",4
74,9755,20.88377138722985,52.28589716724961,8252,20.88091940041005,52.28480280000929,"[12.006984324007323, 23.953896164155154, 21.9412333887423, 15.67893707613579, 11.306445170184684]",4
75,10088,20.955442447428773,52.221463186253025,4661,20.955072200221935,52.22087780007047,"[12.482993654169585, 14.174495586668094, 16.07305582894544, 5.677412469471172, 4.018781733737312]",4
76,10156,20.94509067387736,52.23425972874259,5341,20.944186100208412,52.23357220019693,"[11.649418588266304, 15.518456551195047, 16.53248501182547, 7.021373433998129, 3.5841079729629386]",4
77,10316,20.948434507488468,52.18642480018147,2498,20.948802799609552,52.18662500024362,"[16.77640882437328, 10.812187385606627, 17.496501169054483, 5.448480419461695, 6.175127764408005]",3
78,10492,20.95016749895323,52.19309192896777,2845,20.9484222002244,52.192136099701315,"[16.42595664386465, 10.687359242291858, 17.146048988545857, 5.098028238953066, 5.52233271601496]",3
79,10609,20.877392454870588,52.19050711228389,2745,20.876619399965364,52.190622199854715,"[19.247314377720993, 16.643548064149243, 22.446435664528902, 11.054217060810457, 5.867483520917557]",4
80,10770,21.0113497096619,52.23236119513228,5295,21.010061100139694,52.232652799886864,"[10.12447236668069, 12.536478708895512, 11.383154291726536, 4.569213431869847, 7.5363572322674]",3
81,10887,21.02824723092492,52.25796638756132,7014,21.02749999962532,52.25783060030204,"[6.291423062274706, 15.870668278969692, 10.277962058575852, 8.376096676146846, 10.038991253806815]",0
82,11280,20.949984696748643,52.19867411193842,3294,20.951083299554682,52.19973329985197,"[15.843434623322956, 11.705718315155274, 16.563526968004155, 4.531325682487198, 7.99558727206867]",3
83,11419,21.018871308734152,52.125739669327025,449,21.018141700279273,52.12593329958219,"[21.951307538984356, 4.241482603223734, 19.193650718908906, 8.605653763438234, 15.870012312382148]",1
84,11604,21.063030469469357,52.21142971026217,4160,21.063699999855146,52.2122417003942,"[13.554048197102814, 10.592965216072008, 8.634158591553911, 4.7801972041936915, 12.048068769683157]",3
85,11622,21.026550866835812,52.281343330648035,8089,21.025647200158232,52.280924999788965,"[3.2116961522400143, 18.959031729395015, 13.059712293077263, 11.464460126572167, 13.127354704232136]",0
86,11748,20.915621814963444,52.219306904798195,4540,20.91594440041382,52.2188360998062,"[14.205450581852098, 15.38407223325815, 18.227931109666198, 8.71681953183885, 0.8256197250486637]",4
87,11886,21.06307805775279,52.14600550377637,788,21.063380600234552,52.145238900255094,"[20.867461775940672, 1.2703577360006382, 16.804171395212972, 8.062458876395265, 15.734230022811253]",1
88,12037,21.16402560301245,52.25397638300246,6862,21.16403890017517,52.25446669967852,"[15.597243934549866, 20.2849619306194, 5.0782941611299535, 14.540102772307696, 19.61686872051514]",2
89,12128,21.16726821347005,52.253240028766086,6755,21.16783890004524,52.25286940030264,"[15.903122177633204, 20.590840173702734, 4.685161437884267, 14.845981015391034, 19.92274696359848]",2
90,12364,21.162775946600657,52.251414071709874,6622,21.162808300262896,52.250772200176925,"[15.869881970518312, 20.294609412060797, 4.570531227329509, 14.549750253749092, 19.626516201956544]",2
91,12517,21.12431524650693,52.250682520626306,6620,21.12288890010268,52.250763900333766,"[12.86452083546675, 18.752200433625234, 4.527077891452318, 12.988234712025205, 17.30577915098485]",2
92,12587,21.131556519259437,52.25018184038412,6587,21.13095560032076,52.25034720036308,"[13.45009968900989, 18.595820959294475, 4.0173065058362, 12.850961800982766, 17.891358004527994]",2
93,12591,21.170246803643188,52.24944201833956,6465,21.170997200360546,52.249352800191616,"[16.442254402560284, 20.97801350102687, 4.146029212957186, 15.233154342715167, 20.319968476615802]",2
94,12655,21.168755737814323,52.249041591481436,6475,21.16787220014197,52.24946939999285,"[16.357868175119705, 20.782595616662196, 4.274363942646718, 15.037736458350489, 20.114502406557943]",2
95,12680,21.12805868459632,52.24953542616046,6477,21.12837219971732,52.249472199582385,"[13.337364647422689, 18.734087348210362, 4.155572894752085, 12.989228189898652, 17.778622962940794]",2
96,13292,20.858299126672037,52.198166196931396,3263,20.858561099615088,52.19918059990482,"[19.799262739364348, 17.86578736048472, 23.088777911927853, 12.276456357145936, 6.419431882560919]",4
97,13895,20.882258838967555,52.19181384006443,2815,20.88163059957259,52.1917721998272,"[18.83836437387546, 16.234598060303714, 22.037485660683373, 10.645267056964927, 5.458533517072028]",4
98,14053,20.916308287341636,52.22684094846485,4984,20.916002799689522,52.22675280030154,"[13.50132677671308, 16.28062227160971, 18.610776344139193, 9.09966476631185, 0.9521589116024276]",4
99,14118,20.916354221581663,52.23254219310111,5254,20.91662500014371,52.23198610007853,"[12.970745218167961, 16.95084389444565, 18.41403825218885, 9.212242559285166, 1.6223805344383666]",4
100,14126,20.916891454133914,52.23112939181761,5254,20.91662500014371,52.23198610007853,"[12.970745218167961, 16.95084389444565, 18.41403825218885, 9.212242559285166, 1.6223805344383666]",4
101,15476,21.111117780215938,52.20901796521766,3897,21.11086390044869,52.20876939998789,"[14.990247691472417, 13.637144048767706, 5.277460183020679, 8.954201496414598, 15.731649335029813]",2
102,15651,21.11323332282009,52.20950162852609,3918,21.112766700422924,52.20918059970495,"[15.128131883162771, 13.77502824045806, 5.415344374711033, 9.092085688104952, 15.869533526720167]",2
103,15660,21.114000119662247,52.211471446377416,4256,21.114552799871888,52.213747199673605,"[14.97749229087271, 13.624388648167999, 4.413075762628887, 8.941446095814893, 15.718893934430106]",2
104,15713,21.112943215549297,52.21367797588714,4264,21.114494399696866,52.21388609996359,"[14.993456030763438, 13.640352388058727, 4.39711202273816, 8.95740983570562, 15.734857674320834]",2
105,15716,21.112262722018855,52.214355051236645,4347,21.11365000014746,52.21534719971356,"[14.888428652599492, 13.53532500989478, 4.569642464775205, 8.852382457541673, 15.629830296156888]",2
106,15797,21.111264061891234,52.21549010249155,4439,21.11032780018786,52.216263900258866,"[15.128504243909537, 13.775400601204826, 4.919979996068307, 9.092458048851718, 15.869905887466933]",2
107,15890,21.114416343083324,52.215182543932386,4347,21.11365000014746,52.21534719971356,"[14.888428652599492, 13.53532500989478, 4.569642464775205, 8.852382457541673, 15.629830296156888]",2
108,15971,21.116188202161506,52.21877467583988,4383,21.116163900243862,52.2159305998174,"[15.07210168155999, 13.718998038855279, 4.753315493735704, 9.03605548650217, 15.813503325117386]",2
109,16084,21.13969661700489,52.21883154551529,4579,21.13901940022521,52.21970279984441,"[16.15848392042671, 16.3624856179157, 2.5070477707929446, 11.679543065562589, 18.456990904177804]",2
110,16104,21.142720329756038,52.21836502898978,4498,21.14298329973957,52.21783609955639,"[16.093301120763066, 15.884348835654883, 2.441864971129301, 11.201406283301775, 17.97885412191699]",2
111,16298,21.14698790979013,52.21927567719034,4556,21.147466699828385,52.21911939974058,"[16.052270008024472, 16.32805328507935, 2.191056329886981, 11.645110732726243, 18.422558571341458]",2
112,16307,21.147732063889595,52.21967480239567,4592,21.147483300414024,52.21985560005595,"[15.97034402438209, 16.40997926872173, 2.1091303462445983, 11.727036716368625, 18.458469344928382]",2
113,16457,21.159871245465087,52.22029491746816,4569,21.159755600140898,52.219416700320494,"[16.64169886445943, 18.407754829939044, 0.6449114444829938, 13.724812277585935, 19.12982418500572]",2
114,16529,21.15464546068979,52.214223401424476,4275,21.155466700028228,52.213991700156896,"[17.09861067228802, 16.51884059554521, 2.879661226469762, 11.835898043192103, 18.61334588180732]",2
115,16915,21.157475043664448,52.21079812824366,3967,21.15747779996053,52.209655600026,"[17.52605813208709, 16.946288055344276, 3.4391739207591403, 12.26334550299117, 19.040793341606385]",2
116,17281,21.18383214867465,52.18315315374071,2275,21.18472220016946,52.183291699952065,"[21.132304721757972, 20.671674247000468, 5.477573141326408, 15.98873169464737, 22.76617953326258]",2
117,17484,21.18139334959191,52.188191095223864,2580,21.181072200022072,52.188172200186955,"[20.673609226746475, 20.434650213252034, 5.951444739996244, 15.751707660898935, 22.52915549951414]",2
118,17636,21.171414911720696,52.18721645591271,2596,21.17249439979679,52.18853329957216,"[20.05940764185117, 19.704005302052828, 5.833741185064339, 15.021062749699727, 21.79851058831494]",2
119,17699,21.173527223352796,52.18543289386183,2402,21.172122200079514,52.18515830041531,"[20.640298820169978, 19.969378471233373, 6.333998667884087, 15.28643591888028, 22.06388375749549]",2
120,17781,21.175743684817444,52.191921819621484,2834,21.176763899734226,52.192102799604584,"[19.86698698959157, 19.686052938100016, 5.641320532804743, 15.003110385746915, 21.780558224362125]",2
121,17840,21.180884995683055,52.18198993768067,2151,21.179908300127977,52.180883300224195,"[21.051302002532356, 20.119169769568096, 6.070936012914631, 15.436227217215002, 22.21367505583021]",2
122,17940,21.18346384720633,52.19075772213113,2782,21.18241669997076,52.19103059998224,"[19.922597003186514, 21.650447486925042, 4.147180648906716, 16.967504934571952, 22.410722323732806]",2
123,18131,21.19091361473289,52.1930451574165,2914,21.19114440009406,52.19317219963733,"[20.359181200088326, 22.125237165567935, 4.583764845808524, 17.44229461321483, 22.847306520634614]",2
124,18157,21.192540147012608,52.19220347298353,2823,21.19089719984595,52.19189720019568,"[20.424077304019004, 22.023306314024914, 4.648660949739202, 17.34036376167182, 22.91220262456529]",2
125,18269,21.203336762278493,52.188812580401226,1887,21.20300559992853,52.188544399904174,"[21.266407547298886, 22.123249725656702, 5.387155914579939, 17.4403071733036, 23.75453286784518]",2
126,18530,21.19497903369314,52.182321667005986,2221,21.194011099732506,52.182183299919416,"[21.259923094984163, 21.12277646600192, 5.48450674070437, 16.439833913648826, 23.21728175226403]",2
127,18686,21.19437120212173,52.184458147391105,2298,21.195383299699586,52.18341940008531,"[21.260255377630276, 21.123108748648026, 5.484839023350478, 16.440166196294935, 23.21761403491014]",2
128,18968,21.204836439981367,52.175434182811536,1861,21.204505599853576,52.17577499991637,"[22.37299008709984, 22.2358434581176, 6.597573732820045, 17.5529009057645, 24.330348744379705]",2
129,19067,21.24440538557366,52.212496365344265,4196,21.24371940003033,52.21286110035953,"[22.909265434716733, 24.675321400196356, 6.904166002044574, 19.992378847843256, 25.397390755263032]",2
130,19262,21.24758906249019,52.216681098744395,4096,21.2466999997053,52.21689720014575,"[22.823447145773255, 24.589503111252874, 6.81834771310109, 19.906560558899766, 25.311572466319546]",2
131,19384,21.239863244356542,52.2271347368688,5039,21.238416699571076,52.22776669957358,"[21.97617036758452, 23.742226333064146, 5.971070934912358, 19.05928378071104, 24.464295688130814]",2
132,19487,21.251373815686815,52.21843743988038,4522,21.249999999900126,52.218430599992246,"[24.051297818879224, 25.81735378435885, 8.046198386207069, 21.134411232005743, 26.539423139425523]",2
133,19547,21.22006524369473,52.23716189555616,5508,21.221902799574593,52.23635000005254,"[20.74732558080446, 23.72385457160038, 5.9526991734485915, 18.457383952891593, 23.80210849880611]",2
134,19780,21.221054359106606,52.250460457009794,6608,21.221536100110995,52.250261100169666,"[20.284332370657037, 24.519407548679403, 7.687423260609719, 18.774548390367702, 24.119272936282208]",2
135,19860,21.22229259045429,52.25286013107631,6746,21.222419399835474,52.25273059983738,"[19.808237148026716, 24.52084148355937, 7.688857195489687, 18.775982325247668, 24.120706871162174]",2
136,19872,21.223583338700912,52.25220463386996,6743,21.22391939976052,52.252666700308055,"[19.705554727302303, 24.423685528331255, 7.59170124026157, 18.678826370019554, 24.02355091593406]",2
137,20008,21.04266139239604,52.32890020365235,22,21.042411099992307,52.33091109976749,"[4.541784277363639, 26.280872871035704, 19.09716271615936, 18.705346338315195, 18.644735489732867]",0
138,20141,21.05750889925077,52.32890328640813,109,21.058386100138478,52.32958059956508,"[7.155212985453417, 24.95477491334763, 17.396278515776235, 17.460203310524776, 19.123097888184745]",0
139,20190,21.0623725799696,52.32527011069534,9128,21.063622200404268,52.325261100019816,"[6.554613230654076, 24.35417515854829, 16.795678760976894, 16.859603555725435, 18.522498133385405]",0
140,20215,21.076069144867454,52.32586310525849,377,21.0770639002788,52.32606389962933,"[7.583827280625068, 24.823492491304016, 17.26499609373262, 17.32892088848116, 18.99181546614113]",0
141,20270,21.075633784308977,52.32485936186046,9115,21.074305600423145,52.324538900350035,"[7.326542743924855, 24.566207954603804, 17.007711557032408, 17.07163635178095, 18.73453092944092]",0
142,20430,21.066532071846833,52.322612296628265,9084,21.06693060026703,52.32290279972449,"[6.787105692018179, 23.93713049232787, 16.378634094756475, 16.442558889505015, 18.105453467164985]",0
143,20510,21.078889933296313,52.32307209456496,9076,21.079727800097942,52.3225778000255,"[7.669592528959542, 24.819617329269235, 17.26112093169784, 17.32504572644638, 18.98794030410635]",0
144,20882,21.06526278556873,52.311987706729916,8833,21.061491700181875,52.308191699587326,"[5.028757686094829, 22.178782486404522, 14.620286088833124, 14.684210883581667, 16.347105461241636]",0
145,21217,20.9658297089491,52.322232534000065,9081,20.96478060024458,52.32275280000175,"[4.484934503952282, 24.598813929433263, 19.067444258759224, 16.648891739477534, 16.58828089089521]",0
146,21246,20.973076935905727,52.31757274598798,8983,20.974111099747518,52.31743330020669,"[4.654799189228781, 24.745304347488503, 19.213934676814464, 16.79538215753278, 16.734771308950453]",0
147,21421,20.96491987657964,52.33098443851021,34,20.96440280044891,52.33115560025078,"[5.081291810736281, 25.29440024795451, 19.76303057728047, 17.34447805799878, 17.283867209416456]",0
148,21424,20.961956032512063,52.328135970412895,9187,20.96158060016461,52.32751389994655,"[5.239582004837277, 25.35346143031826, 19.82209175964422, 17.40353924036253, 17.342928391780205]",0
149,21438,20.961507849936893,52.3277859024112,9187,20.96158060016461,52.32751389994655,"[5.239582004837277, 25.35346143031826, 19.82209175964422, 17.40353924036253, 17.342928391780205]",0
150,21465,20.965506225213154,52.32962760384833,19,20.96446390038875,52.32954719964363,"[5.008201456137405, 25.122080881618388, 19.59071121094435, 17.17215869166266, 17.111547843080334]",0
151,21685,20.972494249934318,52.32995340749577,33,20.971875000231137,52.329708299698325,"[4.611859310957888, 25.066116698997927, 19.53474702832389, 17.1161945090422, 17.055583660459874]",0
152,21766,20.979860945625603,52.32984683776428,27,20.97860560016835,52.32936670031302,"[4.47383346106249, 25.215698769740236, 19.684329099066197, 17.265776579784507, 17.205165731202182]",0
153,21778,20.978296415947728,52.32817699001736,10,20.97742220027436,52.328724999858935,"[4.5257827082742, 25.10796184572051, 19.57659217504647, 17.15803965576478, 17.097428807182457]",0
154,21836,20.98439214608832,52.33012690136623,54,20.983863900198912,52.3310889002326,"[3.815547561121962, 25.83694281526991, 20.086956006439245, 17.887020625314186, 17.826409776731857]",0
155,21972,20.97379683544829,52.32063777198515,9028,20.97302500020362,52.31973330015171,"[3.639337713243818, 23.7532171387248, 18.22184746805076, 15.803294948769073, 15.742684100186747]",0
156,22262,21.123899131952413,52.23829520297098,5636,21.12472500005873,52.23816939959818,"[13.590451597842035, 16.94575037943618, 3.2120395167737, 11.200891221124486, 16.10781510862847]",2
157,22631,21.100414764105015,52.24857103371236,6431,21.10048059969995,52.249025000003826,"[11.199493179414253, 16.414535259610403, 5.443951082774493, 10.025285621040117, 14.44076175769343]",2
158,22784,21.105456329984246,52.24966121413328,6544,21.10463330018672,52.25009719962611,"[11.417541703345952, 16.473061810951272, 5.228193554274467, 10.413074362402716, 14.830353528244332]",2
159,22812,21.107461590845997,52.245425913444834,6193,21.10830559992354,52.245500000224865,"[11.926435972387958, 16.052554418817216, 4.671892158516826, 10.288588697217188, 14.899527457196127]",2
160,22987,21.078353061096756,52.22393157130004,4802,21.077688900322528,52.223199999780206,"[11.881052432076489, 13.809777116498605, 7.946004192306421, 7.4005075892596475, 12.94189971837288]",3
161,23073,21.023912308751157,52.11417029245899,436,21.020791700176858,52.115519400300116,"[23.26037409443676, 5.550549158676132, 20.502717274361306, 9.914720318890632, 17.179078867834548]",1
162,23531,21.07779018898461,52.13259344439547,282,21.07691670014566,52.131494400446286,"[22.66163851482052, 1.509294204160851, 18.598348134092824, 9.856682412806936, 17.52845355922293]",1
163,23675,21.077538850159822,52.134112050606234,611,21.075633300136758,52.132908300177974,"[22.48143270945933, 1.3290883987996547, 18.418142328731633, 9.676476607445741, 17.348247753861735]",1
164,23704,21.077034585389278,52.13212610808486,282,21.07691670014566,52.131494400446286,"[22.66163851482052, 1.509294204160851, 18.598348134092824, 9.856682412806936, 17.52845355922293]",1
165,23771,21.069563145388802,52.13358237897961,631,21.069502799814416,52.13427220030184,"[22.465128849136835, 1.2077321487455717, 18.401838468409142, 9.66017274712325, 17.14391285860795]",1
166,23904,21.10054616411804,52.126081830188475,508,21.099674999601575,52.12507779970076,"[23.189185187991807, 4.2065940082922495, 18.439505876452497, 12.085032772679563, 20.22575336335433]",1
167,24119,21.017941389829552,52.17454323458045,1742,21.018422199724796,52.17355829967585,"[16.777396923927792, 5.742897736960209, 14.019740103852342, 3.431743148381667, 10.876240171780188]",3
168,24148,21.015573900237914,52.20657876281407,3731,21.01534720001331,52.20618889969802,"[13.305415553309931, 9.533779322736004, 12.042265513818574, 1.4620726617752724, 9.301060842044995]",3
169,24495,21.096730548227054,52.19011963382128,2627,21.096266700347996,52.188819399995396,"[17.710408667604145, 7.666087028139915, 10.781191536314772, 7.734823652938992, 16.204429240184492]",1
170,24534,21.02571995657668,52.207527394575,4087,21.024399999660318,52.207041699814624,"[12.868214110933847, 10.489314796122056, 11.605064071442492, 2.8762868706534377, 9.829046342620757]",3
171,24659,21.023028289107724,52.195735885141424,3079,21.022322199709777,52.19590829972833,"[14.213912511384551, 8.30582641799432, 12.84899247024018, 1.4082385556414376, 10.611765618991129]",3
172,24671,21.019450236129494,52.195003153950836,3061,21.01962780028282,52.195500000324785,"[14.40366944170852, 8.201200384356591, 13.03874940056415, 1.2184816253174693, 10.422008688667159]",3
173,24714,21.01729604657298,52.19214655122944,2836,21.017608299783262,52.19201389982169,"[14.903352300837254, 7.878101015852333, 13.00353197827361, 1.3299648955936652, 10.557959598457051]",3
174,24786,21.02787153209057,52.18795350675083,2482,21.02721940035508,52.18639720017069,"[15.343305599273613, 7.291031855813227, 12.242298509020348, 2.4982563825937394, 11.726251085457127]",3
175,24794,20.999377811476492,52.19709252333772,3136,20.999336100180926,52.19681940019524,"[15.181635391837991, 8.88764082879204, 14.204397879973463, 0.9197066867180594, 9.211616989984284]",3
176,24936,21.031196777535985,52.18813215138764,2588,21.030277800380247,52.188349999752745,"[15.336990781348046, 7.612256084477909, 11.921074280355665, 2.8194806112584216, 12.047475314121812]",3
177,25257,20.946391646480475,52.237968933711684,5707,20.945669399723045,52.23894719985344,"[10.920069218844347, 15.998791161218398, 16.015257630269314, 7.501708044021476, 3.951359953906988]",4
178,25420,20.92586618589511,52.237649696373005,5630,20.923063899579347,52.237994399621925,"[12.543472985574935, 18.050222711760767, 18.44403061754619, 9.882467805595672, 2.7217593517534873]",4
179,25450,20.987847090873817,52.233393147346725,5268,20.986180599654972,52.232113900036495,"[10.68953565216295, 13.364455275726941, 13.232622464550856, 4.982250598387734, 5.810112241649783]",3
180,25555,21.056195594221297,52.270076220180975,7608,21.0568528001167,52.27016109965507,"[6.377188541524152, 18.154961746376802, 11.184680131530824, 10.774285190491861, 12.43717976815183]",0
181,25594,20.957465350105885,52.187486793089796,2544,20.95775560004097,52.18753330022167,"[16.125239021104107, 10.13615761653624, 16.84533136578531, 4.579603763274958, 6.596567857175982]",3
182,25655,20.913799877968263,52.20399469697296,3521,20.914169400397554,52.20314439959441,"[16.40291198243314, 13.610404705501349, 19.178443605757028, 8.021073702162555, 3.029994516982532]",4
183,25767,20.915316403483075,52.209262833456656,3973,20.91443060039194,52.20980559974868,"[15.37477356256661, 14.386866694023073, 19.136369414719343, 8.32705352338997, 1.9949427057631761]",4
184,25838,20.930798265747317,52.20856082614283,3916,20.930983299839454,52.20916109970506,"[16.093409031705942, 13.841035101100186, 18.09529852826929, 7.285982636939923, 3.4403083246930546]",4
185,25893,20.9259846793351,52.20237844867357,3471,20.92585279976697,52.202602799979275,"[15.93658477082873, 13.164750807856713, 17.938474267392074, 7.129158376062708, 3.2097581650529627]",4
186,26477,20.909429654580425,52.25368217985896,6843,20.909455600295757,52.25409719972606,"[11.070034267417071, 19.327522839377306, 19.301043171981544, 10.830439722180385, 4.204704041416728]",4
187,26827,20.895557650350675,52.25846021195882,7022,20.895969400167758,52.25804169996451,"[12.305142465312896, 20.562631037273125, 20.536151369877363, 12.065547920076204, 5.2554967086406394]",4
188,26918,20.892638956916343,52.23590767114342,5781,20.893140876750124,52.239787522776,"[13.537231823042562, 19.043727611491935, 19.64800958438258, 11.08644677243206, 3.346403761804968]",4
189,27121,20.983629497304403,52.21973438049526,4614,20.983400000209883,52.22011670022562,"[12.047780538992066, 12.082513241566893, 13.226847876854276, 3.585430124369967, 6.6410821190697265]",3
190,27195,20.98506193485185,52.22223939365032,4670,20.98533329979199,52.22105280004672,"[11.831077967446586, 12.163187593482961, 13.11885233395251, 3.666104476286035, 6.681779422473596]",3
191,27275,20.992981234970113,52.225369578809484,5009,20.99167780009043,52.227244400308905,"[11.134939643210819, 12.58753757360745, 12.739101854705924, 4.3125784855880935, 6.275910866817338]",3
192,27278,20.996596743472573,52.22583144616104,4925,20.99658329967957,52.225327800237835,"[11.272372147148886, 12.03556210568456, 12.328306364365336, 3.760603017665202, 6.812132234533905]",3
193,27289,20.96743694687751,52.20235953249407,3523,20.96738059963502,52.203180600004714,"[14.272022764384296, 11.280082156434483, 14.992115109065494, 3.3121480143605018, 6.855998185615661]",3
194,27343,21.10899972237713,52.20983852729107,3897,21.11086390044869,52.20876939998789,"[14.990247691472417, 13.637144048767706, 5.277460183020679, 8.954201496414598, 15.731649335029813]",2
195,27347,21.109042884496834,52.20976382190458,3897,21.11086390044869,52.20876939998789,"[14.990247691472417, 13.637144048767706, 5.277460183020679, 8.954201496414598, 15.731649335029813]",2
196,27354,21.137511778742372,52.23002340547111,5179,21.13763059967249,52.229844399699346,"[15.102833119669382, 17.87452692006728, 1.880525511501302, 12.246233894301163, 17.590958440215672]",2
197,27475,21.14608990503901,52.2216506923809,4708,21.146327800187862,52.22173890003029,"[15.687096421753916, 16.370327124350954, 1.8258827436164256, 11.687384571997846, 18.17522174230021]",2
198,27566,21.132400549762938,52.21382734456986,4298,21.132794400041575,52.21432220010951,"[16.32177659830021, 14.9686729555955, 3.1870569072635972, 10.285730403242392, 17.063178241857603]",2
199,27582,21.141754117481224,52.218917002163096,4500,21.14150000022488,52.21784440029887,"[16.19468054148147, 15.782969414936478, 2.5432443918477063, 11.10002686258337, 17.87747470119858]",2
200,27719,21.189362183467207,52.21228548425309,4227,21.18952220028939,52.21316109980495,"[19.81979785769904, 21.585853823178656, 3.9405462249800896, 16.90291127082555, 22.307923178245332]",2
201,27722,21.193500072226318,52.2126959034321,4044,21.192433300356583,52.21075560039071,"[20.04591859237134, 21.811974557850956, 4.166666959652385, 17.129032005497844, 22.534043912917628]",2
202,27890,21.183665205225402,52.18381871339796,2335,21.183616699551067,52.1840999998152,"[20.799592967264413, 20.654315486807626, 5.483275265242709, 15.971372934454529, 22.74882077306974]",2
203,28216,20.926280395278052,52.28140342353238,8088,20.92540000010996,52.28092220019943,"[8.694675522945657, 20.64158736309349, 18.628924587680636, 12.366628275074127, 8.045320554718232]",4
204,28355,20.95865764620585,52.28391963846412,8260,20.958541700139392,52.28485000002752,"[6.857903971815276, 19.350949456798368, 17.24002546352137, 11.075990368779, 9.047372903647961]",0
205,28374,20.938621564764436,52.3079257127523,8837,20.93841389968179,52.30824720034809,"[8.55722782660339, 22.4120336435153, 19.919320877801827, 14.13707455549594, 11.618570828410409]",0
206,28441,20.936204544317572,52.26892549128022,7640,20.93600830044278,52.270930600067175,"[8.337691651862992, 19.176811652833663, 17.70548359139184, 10.901852564814295, 6.5658273582218065]",4
207,28563,21.099410956904524,52.22085375442115,4667,21.09813329991192,52.22094169959979,"[13.43195672669614, 13.501020560761495, 6.7230667836507, 8.818078008408389, 14.35989648682341]",2
208,28711,21.092843329598065,52.23029856071949,5120,21.094883300224183,52.229658300290396,"[12.523641300846126, 13.857485732798617, 5.302182645462131, 8.804308850562295, 14.345700979675529]",2
209,29011,21.14305376702141,52.22853513553091,5095,21.143222200144464,52.22828329983446,"[15.387570146136328, 17.593919806969588, 1.5999183984036127, 12.530970920768109, 17.875695466682618]",2
210,29239,20.972180150059923,52.322046869622724,9029,20.97133329989191,52.322122199879686,"[3.929115875480905, 24.042995300961888, 18.51162563028785, 16.09307311100616, 16.032462262423834]",0
211,29370,21.094699989252067,52.24103041363208,5894,21.09582219963488,52.240958299785746,"[11.649331879992094, 15.364442061703572, 5.192261842243177, 8.95820268608602, 14.137457200538387]",2
212,29427,21.105594312862166,52.25211531919018,6544,21.10463330018672,52.25009719962611,"[11.417541703345952, 16.473061810951272, 5.228193554274467, 10.413074362402716, 14.830353528244332]",2
213,29455,21.075268323667355,52.25478588381741,6958,21.07696390016389,52.256769400287624,"[10.574075166194424, 16.471488431458983, 7.549525465540618, 10.062218904220028, 13.402857334300494]",2
214,29943,21.143581667616143,52.241778662099016,5833,21.1434500002174,52.23945000001754,"[15.77020379213703, 18.6987313038493, 2.4698990597556145, 12.953872145537598, 18.287567302923467]",2
215,30246,21.196332428006954,52.16560248182662,1220,21.196388900027785,52.162383299649605,"[23.606803282232303, 22.253699639527582, 8.592882481522285, 17.570757087174485, 24.348204925789695]",2
216,30377,20.901068210274424,52.2143402074335,4442,20.90060279997931,52.21686109956016,"[15.204216590915067, 16.67685531117242, 19.226697118729167, 9.71558554090182, 0.9536678597572914]",4
217,31029,21.120948781775425,52.27366708236983,7622,21.12086669983836,52.270533300271666,"[14.055018669677114, 19.942698267835603, 6.52601196939278, 14.17873254623557, 18.49627698519522]",2
218,31265,21.115346045884532,52.21632124731675,4383,21.116163900243862,52.2159305998174,"[15.07210168155999, 13.718998038855279, 4.753315493735704, 9.03605548650217, 15.813503325117386]",2
219,31310,21.000837321354105,52.25313210685274,6806,21.000000000399723,52.25362780038273,"[7.576220613597885, 15.197556790794161, 12.400536244245773, 7.081045506280449, 8.33374934291129]",3
220,31512,21.015942617662002,52.23009509669558,5203,21.016336099931095,52.23083059985237,"[10.239292919710447, 12.242790966961378, 10.796401471546064, 4.4673255566567684, 8.099048571229421]",3
221,31515,21.032326194857696,52.303876451337274,8729,21.02988330017422,52.3037583000056,"[3.4540924899627647, 22.473173224718447, 15.289463069842103, 14.897646691997934, 14.837035843415608]",0
222,31732,21.19068123044008,52.18639216454458,339,21.19038059958507,52.187488899792925,"[20.679826586489657, 21.531513572033344, 4.904410232209861, 16.84857101968025, 23.167951907035953]",2
223,31826,21.10288333982608,52.257666175252176,6914,21.107697199566132,52.25573609994109,"[10.920527119319598, 17.587677905861693, 6.334222115979535, 11.389569066328098, 15.3617854348377]",2
224,31970,21.149009567385818,52.276693628948046,7881,21.147286099773737,52.27624720044798,"[15.654766723748304, 21.542446321906787, 6.882713797982676, 15.778480600306764, 20.096025039266408]",2
225,32118,21.095031050551217,52.195113816916034,3004,21.09688329982447,52.19458889985788,"[17.274091212995845, 8.35853584887302, 10.344874081706472, 7.298506198330692, 15.768111785576192]",3
226,32331,20.952140349215345,52.245784503847254,6198,20.953180600404437,52.24562499969403,"[9.692725448104651, 16.477157408820652, 16.22570888223037, 7.980074291623727, 5.2735775788127]",4
227,32439,21.073534763445586,52.14048691098668,723,21.073588900107723,52.14066389971924,"[21.812187488961026, 1.8580633347805113, 17.74889710823333, 9.105614298959434, 17.00870970830541]",1
228,32716,21.066686694537406,52.34526392068698,9263,21.067311099827464,52.34191939966064,"[7.201831888440223, 26.955097243500585, 19.39660084592919, 19.46052564067773, 21.063980615293392]",0
229,33028,20.998345879171232,52.22507915378909,4834,20.997686099633825,52.22368060017959,"[11.470546193638349, 11.837388059195098, 12.130132317875873, 3.562428971175739, 6.9049462532631445]",3
230,33070,21.10234413374869,52.21514250750076,4318,21.10131389981666,52.21470829974828,"[13.853886586625533, 12.50078294392082, 5.536681466876065, 7.817840391567713, 14.595288230182925]",2
231,33735,21.141679621658454,52.22950981075561,5094,21.141986099978567,52.22882219968483,"[15.283981589575705, 17.490331250408964, 1.4963298418429891, 12.427382364207485, 17.772106910121995]",2
232,33889,21.133496284462918,52.21787940141353,4407,21.134055600285762,52.217902799574574,"[16.051153056645997, 15.274139127169434, 2.7633252836274522, 10.591196574816326, 17.368644413431536]",2
233,33982,21.139323850978567,52.2147506402658,4499,21.14149170038172,52.21530559977367,"[16.47717724206314, 16.06546611551815, 2.825741092429376, 11.38252356316504, 18.159971401780254]",2
234,34079,21.205302264368495,52.154587930839256,307,21.206205600008502,52.1553333000918,"[24.436761103214987, 23.083657460510274, 8.996607528077112, 18.400714908157173, 25.178162746772387]",2
235,34439,21.18935571033225,52.15281691219812,890,21.189363899824173,52.15178330005932,"[23.378505265417896, 22.025401622713172, 10.12741845409926, 17.342459070360075, 24.119906908975288]",2
236,34527,21.237913176370476,52.16802794727166,1443,21.238436099746252,52.16666670040797,"[25.86156810891121, 25.56824213204142, 9.982316476192272, 20.885299579688315, 27.662747418303525]",2
237,34536,21.239915206725072,52.166735859131386,1444,21.240269400112766,52.16666670040797,"[25.87132544252771, 25.740479358273905, 9.992073809808772, 21.0575368059208, 27.834984644536014]",2
238,34612,21.219204313473956,52.192985163380186,2970,21.219994400421285,52.1940193996756,"[23.331423817393333, 23.998919880523157, 7.452172184674389, 19.31597732817006, 25.819549137939624]",2
239,34677,21.201474719095557,52.252324704726625,6726,21.200397199970837,52.25236390037378,"[18.61636226758083, 22.27543375786348, 5.443449469793797, 16.530574599551777, 21.87529914546629]",2
240,34721,21.179205416350502,52.244839632105304,6116,21.178072200171925,52.24423889980545,"[17.148803152139497, 20.396662278763095, 3.564677990693412, 14.651803120451394, 19.996527666365907]",2
241,34805,21.192202256379314,52.24405968875831,6087,21.190188900097723,52.243716700365496,"[17.885820541620387, 21.25912306305439, 4.427138774984706, 15.514263904742688, 20.8589884506572]",2
242,34890,21.191191181189108,52.24954084378633,6509,21.19143609969632,52.24989720029561,"[17.944622456615118, 21.60369394689777, 4.7717096588280885, 15.85883478858607, 21.203559334500582]",2
243,34979,21.02296148895587,52.35172770333995,9351,21.021749999762733,52.35169170011193,"[6.3464527194481875, 28.37503431059053, 21.203181093455157, 20.75563439595524, 20.695023547372912]",0
244,35069,21.046242139785416,52.34092492629436,9247,21.04763059967246,52.340052800096714,"[5.844104284517992, 26.547663827855025, 18.98916743028363, 19.05309222503217, 19.70625301137116]",0
245,35180,21.05474709691366,52.33415160338434,9223,21.05416940029761,52.33435560033075,"[6.827936122183026, 25.56383199018999, 18.005335592618593, 18.069260387367134, 19.732154965027103]",0
246,35224,21.061691947184173,52.32578948268566,9128,21.063622200404268,52.325261100019816,"[6.554613230654076, 24.35417515854829, 16.795678760976894, 16.859603555725435, 18.522498133385405]",0
247,35429,20.939594316255175,52.321028203122935,9036,20.940869399603173,52.320183300219185,"[5.813862425228313, 25.904367583488042, 20.372997912814004, 17.954445393532318, 17.893834544949993]",0
248,35470,20.959220632459132,52.345572932350045,9294,20.960963899964042,52.34450559985362,"[6.024800318127516, 27.055705584837998, 21.52433591416396, 19.10578339488227, 19.045172546299945]",0
249,35514,20.953898880612975,52.32714893318572,371,20.954238900105224,52.326630600222074,"[5.601904474406064, 25.715783899887047, 20.184414229213008, 17.76586170993132, 17.705250861348993]",0
250,36062,20.98136564550018,52.30434368489377,8728,20.981141700029468,52.30368060037944,"[2.8071642721276855, 22.37956297043757, 16.84819329976353, 14.429640780481844, 14.369029931899517]",0
251,36149,21.017229172601112,52.32634390088805,102,21.015055600235826,52.327930599917295,"[3.9470235792301143, 25.97560517037246, 19.22831647104108, 18.356205255737162, 18.295594407154834]",0
252,36262,20.977058181295515,52.3518155718278,9354,20.976313900066486,52.35194169994952,"[5.538575896371445, 27.567157487513796, 21.80998434168873, 19.947757572878498, 19.88714672429617]",0
253,36364,21.03440381452994,52.302862549766715,8662,21.034586099768717,52.299947199803455,"[2.911679503872448, 21.930760238628128, 14.563264075142008, 14.355233705907615, 14.294622857325288]",0
254,36567,21.003890165821353,52.31642535641926,8991,21.003819400445025,52.31767779979066,"[1.4592291203131174, 23.487810711455463, 17.730637565630396, 15.868410796820168, 15.80779994823784]",0
255,36793,20.98739626744013,52.29989064167682,8702,20.987352800291546,52.29973059988731,"[3.0834840100154812, 22.214480852172677, 16.68311118149864, 14.264558662216949, 14.203947813634622]",0
256,37295,21.128312916301518,52.23749350482478,5656,21.128433299657104,52.23827220020195,"[13.76330457114071, 17.048041146516635, 2.8751877794118985, 11.303181988204944, 16.280668081927143]",2
257,37643,21.101031900205296,52.24396259506651,6074,21.101344400323853,52.24358330032908,"[11.735502490848086, 15.564997572213374, 4.755915516186686, 9.778342171888113, 14.223627811394381]",2
258,37990,21.064543216759002,52.22426583888363,4815,21.065930600017225,52.22337220016698,"[11.076725645066977, 12.919836230391414, 7.8611412888724805, 6.510566703152459, 12.051958832265695]",3
259,38239,21.017141204746043,52.114989209712505,430,21.016958300385284,52.11564439976928,"[23.193953990951858, 5.484129055191232, 20.436297170876408, 9.848300215405732, 17.112658764349646]",1
260,38338,21.010325692489122,52.12177885257033,467,21.01008329990441,52.11981939984548,"[23.256647876933425, 5.547049432336221, 20.49899105685797, 9.910994101387299, 17.175352650331213]",1
261,38484,21.0256648244711,52.10996703068136,261,21.028330599977267,52.108355599631295,"[24.48214170893704, 6.772316773176424, 21.724484888861596, 11.136487933390923, 18.400846482334845]",1
262,38522,21.013480747359402,52.120258453433564,466,21.013344399924165,52.11985830002061,"[23.033234068685804, 5.323635624088599, 20.275577248610354, 9.687580293139677, 16.951938842083592]",1
263,38608,21.015406869694367,52.112268108107074,417,21.01480000031978,52.11272220026939,"[23.661410715700267, 5.951585779939643, 20.903753895624817, 10.315756940154143, 17.580115489098063]",1
264,38756,21.078726427511874,52.13356927851995,281,21.079852799567107,52.13201109963262,"[22.8794640499402, 1.72711973928053, 18.816173669212507, 10.074507947926616, 17.74627909434261]",1
265,38824,21.104989195212063,52.121139205635686,475,21.103452799706986,52.121391699867104,"[23.52314621253127, 4.3585355999629, 18.773466900991963, 12.418993797219025, 20.37769495502498]",1
266,38837,21.080537460905603,52.13611989057549,689,21.082163899844147,52.13876390023387,"[22.044269860277996, 2.393815008304082, 17.294590548738697, 9.641365972483007, 17.544461381828988]",1
267,39018,21.098005259593716,52.23965794606404,5691,21.09798060042442,52.238824999973815,"[11.986389965738073, 15.008437025037697, 5.006451965813602, 9.020638238965843, 14.24217566923488]",2
268,39339,21.032482483024765,52.14891889315914,846,21.03261390001154,52.14945279960705,"[20.010508555368535, 3.1446739219855995, 16.142983790610728, 6.664854779822408, 13.92921332876632]",1
269,39346,21.04334545326539,52.15340666510471,922,21.043180600404412,52.152783300309125,"[19.988538459921788, 2.440951279541396, 15.925248079194084, 6.770795206748642, 14.035153755692553]",1
270,39424,21.018770542626896,52.172199320826124,1620,21.01930829993813,52.17130000039475,"[16.889624098998897, 5.40136308591013, 14.131967278923447, 3.5439703234527715, 11.217774822830267]",3
271,39565,21.02358386940958,52.205586205254505,3683,21.022836100205893,52.20553059955756,"[13.03563955154734, 9.255347633361682, 11.772489512055984, 1.6423197078930662, 9.822623779429637]",3
272,39689,21.08680870850538,52.19393805712384,2984,21.086011099732502,52.19416390004403,"[16.735548545358004, 8.53520266869156, 9.806331414068628, 6.437298052132565, 15.143142260955482]",3
273,39724,21.055537589659416,52.21435011829779,4248,21.057408299653332,52.21358330002931,"[13.04891124529538, 10.39949195681677, 9.13929554336134, 4.370518253393084, 11.542931817875727]",3
274,39786,21.057052127298814,52.2140875809884,4248,21.057408299653332,52.21358330002931,"[13.04891124529538, 10.39949195681677, 9.13929554336134, 4.370518253393084, 11.542931817875727]",3
275,39850,21.051091344508407,52.17828007146117,2020,21.050886099613876,52.1785583000256,"[16.539254281596275, 6.2013033152672925, 12.310501215431156, 4.929718362359756, 13.251065847041945]",3
276,39983,20.924073468676436,52.30844837834204,8806,20.92430559982364,52.308591700046975,"[9.051540626942693, 22.776437550896148, 20.413633678141135, 14.501478462876785, 11.855226003981935]",0
277,40023,21.168455685533353,52.26352129465396,7315,21.16959170029679,52.26323890005523,"[15.86580602049319, 21.096623936476966, 6.04207705149217, 15.351764778165258, 20.307064336011287]",2
278,40599,21.16325086363219,52.271968454962696,7676,21.16409440003656,52.271658299990634,"[16.126279067792726, 22.013958665951208, 7.067697317888014, 16.249992944351188, 20.567537383310828]",2
279,40668,21.15587342359389,52.27157412777079,7726,21.15686109976002,52.272774999866385,"[15.601702890231605, 21.48938248839009, 6.829649964465977, 15.725416766790065, 20.04296120574971]",2
280,40867,21.15003945349076,52.270128025622654,7623,21.15020000032979,52.270533300271666,"[15.083072173616454, 20.97075177177494, 6.311019247850826, 15.206786050174914, 19.52433048913456]",2
281,41310,21.165760465633525,52.26609198542639,7402,21.16647220033184,52.266711099737506,"[15.705958790337228, 21.492801313884286, 6.438254428899489, 15.747942155572575, 20.147217105855322]",2
282,41320,21.152448567486474,52.26629328595355,7448,21.15253889955062,52.26657780042518,"[15.102767737591716, 20.990447335750197, 6.304945757937159, 15.226481614150178, 19.544026053109818]",2
283,41539,21.15043786565394,52.264952614403214,7400,21.14943609999608,52.26547499957161,"[14.857937329489117, 20.7456169276476, 6.060115349834561, 14.981651206047578, 19.29919564500722]",2
284,41637,21.156805572774108,52.264204246413684,7363,21.156494400296367,52.2642749999913,"[14.910850701058958, 20.798530299217436, 6.038629338641439, 15.034564577617418, 19.352109016577057]",2
285,41657,21.15054634427811,52.26389580708666,7260,21.150430599992262,52.262263900059,"[14.440191073826545, 20.32787067198503, 5.642369094171989, 14.563904950385007, 18.88144938934465]",2
286,41886,21.169089168542047,52.261427419953904,7177,21.169325000048786,52.26081939999534,"[15.746269742837464, 20.975254308047692, 5.920707423062897, 15.230395149735985, 20.18752805835556]",2
287,42158,20.996089296251643,52.26842909412326,7533,20.995883299774505,52.268541700339256,"[6.061611320275018, 17.005726792944483, 14.083975628555224, 8.849552305799824, 9.886625765773013]",0
288,42179,20.992517842210262,52.26834639895294,7503,20.99340000001007,52.26816389964432,"[5.962333726540548, 16.86840611611817, 13.94665495172891, 8.712231628973509, 9.749305088946699]",0
289,42425,20.981930392602663,52.26567689398691,7299,20.981486099903634,52.26580830001308,"[6.5473525349528, 16.578520185803736, 14.359819996469392, 8.303561097784376, 8.865261786421701]",0
290,42648,20.98876314270657,52.26182030432816,7219,20.988700000005053,52.26141939978555,"[6.791947103823119, 16.35079405949733, 13.588412976484753, 8.188202255944283, 8.749902944581608]",0
291,42686,20.95851295125552,52.228853500650125,5058,20.95935829984569,52.228102799604585,"[11.555167664469531, 14.316061913731806, 14.997244590368448, 5.8189787965348865, 3.7622891754951158]",4
292,42722,20.94612698633388,52.2472235769517,6299,20.94752220008951,52.24703609983618,"[9.882987437898564, 16.707478800971934, 16.415970872024285, 8.210395683775014, 5.001123377004834]",4
293,42806,20.944127347667383,52.247579184427615,6290,20.942922200199405,52.24683060025205,"[10.11338794061524, 16.921939857390285, 16.73097954634906, 8.424856740193363, 4.810983408968989]",4
294,42836,20.939662086931822,52.24118683906369,6014,20.94084440024892,52.24268060042942,"[10.30414927553533, 16.566697878824737, 16.631177573578334, 8.069614761627816, 4.140016464313876]",4
295,43094,20.963793722895954,52.18905534966502,2589,20.9636389001152,52.18836110008476,"[16.163478929723876, 9.560512525004851, 16.481381167936135, 4.059603147834881, 6.649179433301967]",3
296,43134,20.96294192644561,52.18916898570453,2692,20.963183299969387,52.18977780030531,"[15.94035183408889, 9.788334923065642, 16.442560458029632, 4.020782437928379, 6.671318536136127]",3
297,43298,20.963430398949967,52.191721239131496,2863,20.963755599741205,52.19234999985264,"[15.589462570892138, 10.161003831572009, 16.263353232314266, 3.8415752122130087, 6.804758736393058]",3
298,43373,20.959571452590662,52.18794143012199,2532,20.959211099712547,52.18723329987694,"[16.21272108371233, 10.015567210847852, 16.91201741714431, 4.490239397043052, 6.697350473824434]",3
299,43447,20.901876704841342,52.21085718759623,4078,20.90222780027284,52.21110830010804,"[15.75046112211129, 15.124237790298224, 19.77294164992539, 9.064424619665122, 2.3706302653078564]",4
300,43565,20.864778353310953,52.2070659534784,3809,20.865061099889886,52.207316699905846,"[19.60802269470604, 17.867781974121545, 22.897537867269538, 12.088221975940169, 6.2281918379026076]",4
301,43958,20.88812632371531,52.19639168661568,3107,20.88856390040371,52.196333300441495,"[18.721223546783403, 15.457100099710349, 21.25998770009001, 9.867769096371564, 5.341392689979967]",4
302,44138,20.89002396651379,52.19477243604879,2979,20.889738899730503,52.19413610020092,"[18.819020659073853, 15.480441326841413, 21.283328927221074, 9.891110323502629, 5.439189802270418]",4
303,44211,20.887305199695373,52.192377043304226,2864,20.88780279965954,52.192352800341496,"[18.791492172540554, 15.728140969656883, 21.53102857003654, 10.138809966318096, 5.411661315737118]",4
304,44216,20.887726385934062,52.19194874695743,2816,20.88808060023956,52.19180280015917,"[18.855571914208678, 15.674433863392643, 21.477321463772302, 10.085102860053857, 5.4757410574052425]",4
305,44422,20.87251825659933,52.18658477023868,2492,20.872291700401718,52.18652779971825,"[19.7922104777951, 16.94666497608803, 22.749552576467686, 11.357333972749236, 6.412379620991669]",4
306,44424,20.871340276510388,52.18496780365452,2440,20.87164999994758,52.185686099933605,"[19.89564156174122, 17.050096060034146, 22.852983660413802, 11.460765056695353, 6.515810704937787]",4
307,44615,20.878880229271154,52.18831897293565,341,20.87906669986836,52.18898059987481,"[19.339838817985747, 16.304130991547947, 22.107018591927602, 10.714799988209158, 5.960007961182314]",4
308,44674,20.880273473134142,52.18889676326373,342,20.88040280014917,52.189038900225114,"[19.248235071820634, 16.212527245382827, 22.015414845762482, 10.623196242044038, 5.868404215017195]",4
309,44755,20.882058573179982,52.18806702722036,2657,20.882105599893578,52.18915829961588,"[19.131028142643668, 16.095320316205868, 21.898207916585523, 10.50598931286708, 5.751197285840237]",4
310,45107,20.897618614306147,52.182675707196324,2450,20.89402156124612,52.18257304720839,"[18.746338977862816, 14.945340874046499, 20.748228474426156, 9.35600987070771, 5.549803040997597]",4
311,45228,21.0084298579731,52.254714883480396,6797,21.00689170039169,52.25345280040648,"[7.404714691504752, 14.949817693294708, 12.077442608069523, 7.154904752389388, 8.40760858902023]",3
312,45302,21.03174019287013,52.22448706080548,4870,21.030477799710752,52.224433300356566,"[11.116439925013632, 11.434206137909314, 9.836531571528784, 4.237425550368042, 9.119669777533506]",3
313,45387,21.013164387328505,52.280537654980364,8084,21.01410559959379,52.28091109986741,"[4.057754536487035, 18.84784783883459, 13.316478168160556, 11.263755802844974, 12.516459639475814]",0
314,45521,20.902305258721587,52.26329275500065,7307,20.901813899891636,52.26318059970498,"[12.564968152485841, 20.822456724446074, 20.79597705705031, 12.325373607249148, 5.699637926485495]",4
315,45545,20.87414408401845,52.25078899900138,6630,20.87460830003306,52.25092500038852,"[14.341486809168176, 21.64595746139697, 22.17272874607588, 13.61116593412536, 6.018422423318566]",4
316,45628,20.892926706440477,52.254487024523954,6860,20.893844400198986,52.25443610024587,"[12.739298465376743, 20.623318601167792, 20.97030736994121, 12.499703920140051, 4.995783563089387]",4
317,45837,20.892539891093254,52.25512950335711,6911,20.89281109985245,52.25573059968747,"[12.655516308470785, 20.634512700203484, 20.886525213035256, 12.415921763234094, 5.204835706512579]",4
318,45989,20.895283923708785,52.221612884063894,4650,20.896594400211427,52.22066940017271,"[15.31448198188727, 17.182375120457152, 19.732216928013898, 10.221105350186551, 1.4591876690420242]",4
319,46036,21.11255634490575,52.224827549276355,4886,21.112797200030798,52.224741700369236,"[15.061207660561042, 13.70810401785633, 5.879285910982361, 9.025161465503222, 15.802609304118436]",2
320,46269,21.135966656417324,52.232596626120916,5397,21.135013899871637,52.23453890035,"[14.295510627455567, 17.18377056039904, 2.235896775203667, 11.438911402087346, 16.78363594800186]",2
321,46361,21.134873035106907,52.23858868613882,5639,21.134580600214576,52.23804440012901,"[14.231492172160522, 17.416948893051213, 2.611732957117897, 11.672089734739512, 16.74885568294696]",2
322,46366,21.134044726987636,52.23949292071663,5821,21.13353330012177,52.24010279990432,"[14.170238751275708, 17.3556954721664, 2.942442795745189, 11.610836313854698, 16.687602262062143]",2
323,46653,21.13864727710828,52.23518198804324,5422,21.139630600172097,52.23505560043566,"[14.724964071418569, 17.613224004362042, 2.142006419428299, 11.868364846050346, 17.21308939196486]",2
324,46675,21.1416740058776,52.23258084836874,5280,21.14161109977249,52.23233059977741,"[14.8646156747893, 17.752875607732776, 1.8091917483389064, 12.008016449421085, 17.352740995335598]",2
325,46740,21.14104706814738,52.23610919024856,5452,21.14112779960834,52.23538060013465,"[14.833464288421471, 17.721724221364944, 2.177330997966003, 11.976865063053252, 17.321589608967766]",2
326,46781,21.148231983523022,52.23317273891454,5326,21.14752500017869,52.233291699852145,"[15.537362163296331, 18.063858446169395, 1.5584974728914238, 12.680762937928112, 18.025487483842625]",2
327,46881,21.140747668901028,52.238042939012495,5624,21.141875000430957,52.23789440040633,"[14.864219664681155, 17.804268164895856, 2.327425423654703, 12.059409006584156, 17.381583175467593]",2
328,46941,21.14858853916973,52.23180765988011,5220,21.14849170033176,52.23127780033025,"[15.770982761507524, 17.8302378479582, 1.3248768746802302, 12.914383536139304, 18.259108082053817]",2
329,46957,21.15038433600641,52.23176917518152,5236,21.150202799919327,52.231602800029236,"[15.891344968246587, 17.952611242415415, 1.2457282181430145, 13.034745742878368, 18.37947028879288]",2
330,47399,21.13732243814732,52.21438532679662,4411,21.13580829981322,52.21625830018047,"[16.463318407179806, 15.291893171860364, 3.1754906341612577, 10.608950619507256, 17.386398458122464]",2
331,47513,21.135878749268183,52.21932629261157,4632,21.13631939982048,52.2203250002986,"[15.740372301481239, 15.584919882334193, 2.452544528462694, 10.901977329981085, 17.679425168596293]",2
332,47577,21.12895473423595,52.21337350549461,4116,21.129641699804665,52.21137779994558,"[16.874411968326672, 15.52130832562196, 3.73969227729006, 10.838365773268855, 17.615813611884064]",2
333,47923,21.149443150634845,52.21490050874488,4282,21.149850000377285,52.21406109993984,"[16.714614954213506, 16.13484487747069, 2.6407667995791653, 11.451902325117585, 18.229350163732796]",2
334,47980,21.15264385996761,52.21681063338594,4453,21.152266699948314,52.21653609986117,"[16.750904419944867, 17.4169994307572, 2.5252379631580424, 12.734056878404093, 19.239029740491162]",2
335,48432,21.14021599171317,52.208296285222,3827,21.140374999606593,52.2074916998821,"[17.693382654097217, 16.340279011392496, 4.558662963060599, 11.657336459039394, 18.43478429765461]",2
336,48506,21.142332403583513,52.20359793766711,3563,21.141630599772384,52.203719400030366,"[17.634505626685684, 16.28140198398097, 4.974059039350669, 11.598459431627862, 18.37590727024308]",2
337,48739,21.178430306008476,52.180778556744485,2181,21.17917500012618,52.181491699682226,"[20.967048087455236, 20.108030346089883, 6.041217042236989, 15.42508779373679, 22.202535632351996]",2
338,48815,21.18175026198053,52.17712875976487,1880,21.18183060010216,52.17617219988716,"[21.81520513122724, 20.462101488522514, 6.691640207121555, 15.77915893616942, 22.556606774784626]",2
339,48954,21.134404884837306,52.19915341741396,3318,21.1346305998224,52.200152800311514,"[17.35869112741626, 16.00558748471154, 4.7688739767486075, 11.322644932358433, 18.100092770973646]",2
340,49108,21.14552885978526,52.18485473666887,2333,21.14564170020435,52.18397500034604,"[18.887856669646748, 17.534753026942024, 6.738595287370966, 12.851810474588927, 19.62925831320414]",2
341,49476,21.149958007123324,52.20796350108952,3824,21.1496556002258,52.2074806004494,"[17.51447311697584, 16.678390343529717, 3.5222232573138426, 11.995447791176614, 18.77289562979183]",2
342,49573,21.126891127705882,52.19660004694463,3166,21.127163900293795,52.197447199828446,"[16.862681168462277, 15.509577525757564, 6.596121988720439, 10.82663497340446, 17.60408281201967]",2
343,49715,21.158834474697052,52.2011737976557,3500,21.158541699739715,52.20291389975671,"[18.710551237501843, 17.802833482281997, 4.484884780715022, 13.119890929928896, 19.89733876854411]",2
344,49890,21.122185671793478,52.19716542325081,3127,21.11986110040948,52.19674719992338,"[16.230149388457594, 14.877045745752877, 5.963590208715754, 10.194103193399775, 16.971551032014986]",2
345,50333,21.211925567674538,52.15813678336947,1086,21.211213900201358,52.15853060040695,"[24.135375195562442, 23.513901850546322, 8.430922754724309, 18.83095929819322, 25.608407136808438]",2
346,50367,21.214589531911432,52.16049706361568,1156,21.21552779966828,52.160566699693504,"[24.103802593493878, 23.63786932357942, 8.32838623921409, 18.95492677122632, 25.732374609841536]",2
347,50423,21.200678818669534,52.166571932827445,1369,21.200705599983507,52.16642500041348,"[23.341201587506244, 22.317754872181396, 7.686470007074682, 17.634812319828296, 24.41226015844351]",2
348,50562,21.200815276361084,52.16708852651044,1369,21.200705599983507,52.16642500041348,"[23.341201587506244, 22.317754872181396, 7.686470007074682, 17.634812319828296, 24.41226015844351]",2
349,50882,21.213635930235817,52.16486689776969,1294,21.21420000012995,52.164638900065256,"[23.786417622401604, 23.649270993419364, 8.011001268121811, 18.966328441066267, 25.743776279681484]",2
350,50892,21.211747288926286,52.16652338654531,1434,21.212775000066245,52.16666670040797,"[23.58129007773763, 23.444143448755398, 7.8058737234578395, 18.761200896402293, 25.53864873501751]",2
351,50915,21.214311288334528,52.1641425833562,1294,21.21420000012995,52.164638900065256,"[23.786417622401604, 23.649270993419364, 8.011001268121811, 18.966328441066267, 25.743776279681484]",2
352,50934,21.215820610389876,52.164691213970514,1175,21.216916700045715,52.164977799685744,"[23.976097173344048, 23.83895054436181, 8.200680819064258, 19.156007992008714, 25.933455830623927]",2
353,51111,21.183409979496084,52.240892468200194,5924,21.1816222002044,52.24150279971451,"[17.538346747253033, 20.786205873876632, 3.954221585806949, 15.041346715564933, 20.386071261479444]",2
354,51149,21.184914538187865,52.241068048997334,5832,21.18695280033154,52.24028330013425,"[17.94367537073209, 21.19153449735569, 4.359550209286004, 15.446675339043988, 20.791399884958494]",2
355,51353,21.18835978933759,52.24314817855079,6026,21.18760279972946,52.24300000005002,"[17.858861108219717, 21.106720234843316, 4.274735946773634, 15.361861076531618, 20.706585622446127]",2
356,51448,21.189856550888315,52.244153945438626,6117,21.190011099632613,52.24425000013747,"[17.82524925085414, 21.28016678125298, 4.448182493183296, 15.53530762294128, 20.88003216885579]",2
357,51565,21.193921615910384,52.24316365614299,5956,21.19081669973093,52.24184170023432,"[18.098816941168028, 21.367121049667603, 4.535136761597918, 15.622261891355901, 20.966986437270414]",2
358,51671,21.196806391898956,52.24460495560993,6127,21.19748059965002,52.24433610033083,"[18.335532522328638, 21.79045005272748, 4.958465764657792, 16.045590894415774, 21.390315440330284]",2
359,51701,21.18543750059544,52.247573981221834,6295,21.18541109974251,52.24691389995655,"[17.281482022583926, 20.961517696263943, 4.129533408194256, 15.216658537952238, 20.561383083866755]",2
360,52085,21.026904269087275,52.348780498844,9342,21.027236099866172,52.35082500007377,"[6.079948597725526, 28.108530188867867, 20.936676971732496, 20.48913027423258, 20.42851942565025]",0
361,52413,21.036875462590036,52.33688648000677,201,21.03456110041452,52.336913899956585,"[4.638371602384974, 26.37746019605704, 19.193750041180696, 18.80193366333653, 18.741322814754202]",0
362,52506,21.040703622178874,52.3324004593346,48,21.041327800038005,52.33170279994431,"[4.7045751837706895, 26.443663777442755, 19.25995362256641, 18.868137244722245, 18.807526396139917]",0
363,52512,21.046993072084316,52.33272004705308,107,21.047463900438686,52.33333329959214,"[5.105498243444018, 26.582566735055234, 19.15352901643505, 19.007040202334718, 18.94642935375239]",0
364,52603,21.04137956548669,52.33351651141749,48,21.041327800038005,52.33170279994431,"[4.7045751837706895, 26.443663777442755, 19.25995362256641, 18.868137244722245, 18.807526396139917]",0
365,52684,21.048192588953288,52.335586257330576,192,21.04740279959958,52.33433060007718,"[5.195332937644803, 26.693619045800816, 19.264581327180633, 19.1180925130803, 19.05748166449797]",0
366,52795,21.06468325633992,52.33739885022108,110,21.065030599882334,52.33333329959214,"[7.852994466860798, 25.652556394755013, 18.094059997183617, 18.157984791932158, 19.820879369592127]",0
367,52959,21.028233161404597,52.351445579926484,9342,21.027236099866172,52.35082500007377,"[6.079948597725526, 28.108530188867867, 20.936676971732496, 20.48913027423258, 20.42851942565025]",0
368,53327,20.94849339500908,52.331623307903584,68,20.947991700156877,52.33241390018139,"[6.546255399815633, 26.660134825296616, 21.128765154622577, 18.710212635340888, 18.649601786758563]",0
369,53651,20.972681397145767,52.35506954079274,151,20.973152800161643,52.356000000399774,"[6.541260498171469, 28.363999864152557, 22.812668943488752, 20.41407767419683, 20.353466825614504]",0
370,53718,20.97517469443367,52.34755339340266,9308,20.97493610002107,52.347319399570665,"[5.516319332905555, 27.339058698886642, 21.787727778222838, 19.389136508930914, 19.32852566034859]",0
371,53779,20.949984292195165,52.349100352857235,9319,20.94797780023532,52.34769720026566,"[6.787191890192226, 27.32880913780893, 21.79743946713489, 19.3788869478532, 19.318276099270875]",0
372,53908,20.978059325552067,52.32162658442961,9056,20.97803889957561,52.321372200366795,"[3.4168929260570846, 24.13151777511177, 18.600148104437732, 16.18159558515605, 16.12098473657372]",0
373,54176,20.97591892856576,52.34099241655549,9259,20.975777799805655,52.341600000040046,"[5.050489562716507, 27.04092298918817, 21.321898008033788, 19.091000799232443, 19.030389950650118]",0
374,54386,20.98212479095246,52.34442907958678,9278,20.982455599646244,52.34348330001433,"[4.495861422923813, 26.52444301406616, 20.767269868241094, 18.905043099430863, 18.844432250848534]",0
375,54593,20.999065443611986,52.34459334378664,9270,20.99880559999849,52.345749999862676,"[4.98041789973064, 27.008999490872995, 21.251826345047927, 19.389599576237696, 19.328988727655368]",0
376,54695,20.99714470069844,52.33705409920052,135,20.998172200286888,52.33688329962462,"[4.474008702069552, 26.502590293211902, 20.745417147386835, 18.883190378576604, 18.822579529994275]",0
377,54749,21.00358852008573,52.33592078154157,196,21.003569399708056,52.33633059967747,"[4.919678032103853, 26.948259623246205, 20.511731609482787, 19.328859708610906, 19.268248860028578]",0
378,54879,20.98932652619525,52.33308890089682,94,20.989341699559816,52.33333329959214,"[3.2572874141404284, 25.28586900528278, 19.528695859457713, 17.66646909064748, 17.605858242065153]",0
379,54911,20.990387289943264,52.33342830372872,74,20.990400000159923,52.332919400110256,"[3.3615861124724526, 25.390167703614804, 19.632994557789736, 17.770767788979505, 17.710156940397177]",0
380,54973,20.98960734793481,52.3300185938747,49,20.989216700090708,52.32915830041526,"[2.7093657453531677, 24.737947336495516, 18.98077419067045, 17.118547421860217, 17.05793657327789]",0
381,55091,21.002100803514566,52.330164346953474,9196,21.00401939977553,52.32925280027655,"[3.820610159953849, 25.849191751096196, 20.09201860527113, 18.229791836460898, 18.16918098787857]",0
382,55174,21.002551174298997,52.324949702563316,9121,21.002263899759214,52.32478060034447,"[2.774052006938001, 24.802633598080348, 19.04546045225528, 17.18323368344505, 17.12262283486272]",0
383,55324,20.980517383505674,52.30814608295268,8846,20.982250000237343,52.3088749999813,"[2.29205941067006, 22.382564568929784, 16.851194898255745, 14.43264237897406, 14.372031530391734]",0
384,55573,21.04298467658128,52.30835767773424,8836,21.043055600035984,52.30794440041382,"[4.769525959054814, 23.788606693810497, 16.604896538934153, 16.21308016108998, 16.152469312507655]",0
385,55955,20.94665495571621,52.34406917068404,242,20.949047200268126,52.346419400335094,"[6.627418397654975, 27.169035645271677, 21.63766597459764, 19.21911345531595, 19.158502606733624]",0
386,56228,20.97183488893185,52.28375781299317,8222,20.971330600127146,52.28402499975397,"[5.443660906382847, 18.982504330900568, 16.33099936738038, 10.707545242881208, 9.904227027788338]",0
387,56363,20.970712380484667,52.28026782993101,8043,20.971155600150894,52.279980600124645,"[5.284823750467842, 18.405193648933064, 16.072859542138684, 10.130234560913705, 9.8554165466209]",0
388,56534,20.945832689944698,52.281830737764416,8158,20.94524999998754,52.2826222003543,"[7.446134457375711, 19.66104157614721, 17.55011758287021, 11.386082488127842, 8.068865885836304]",0
389,56566,20.948339159874244,52.2805545501305,8006,20.948736099591372,52.279152800261556,"[7.140349274931824, 19.26442768439534, 17.153503691118342, 10.989468596375973, 8.102741614357814]",0
390,56593,20.94524975822527,52.28092640326987,8056,20.944269399912912,52.28035830009554,"[7.47341239153382, 19.597490800997335, 17.486566807720337, 11.32253171297797, 7.884505500856622]",0
391,56606,20.94703771141738,52.2813917847816,8171,20.947222199744772,52.28277780015543,"[7.254796816188717, 19.469703934960215, 17.358779941683217, 11.194744846940846, 8.220795681397627]",0
392,56684,20.952779264581572,52.2840419583005,8207,20.952297199955865,52.28365830029037,"[6.959321945200028, 19.452367430183124, 17.341443436906125, 11.177408342163753, 8.616852842967491]",0
393,56957,20.955682014968037,52.281059448707545,8131,20.95606389972926,52.28205830025041,"[6.527553561487581, 19.020599046470675, 16.909675053193677, 10.745639958451306, 8.867072827581362]",0
394,57087,20.93813784289935,52.30738210820316,8837,20.93841389968179,52.30824720034809,"[8.55722782660339, 22.4120336435153, 19.919320877801827, 14.13707455549594, 11.618570828410409]",0
395,57267,20.94100858556614,52.322709325601124,9037,20.94184720008826,52.32088060035949,"[5.801205380037486, 25.89171053829722, 20.360340867623183, 17.941788348341497, 17.881177499759172]",0
396,57284,20.946983154206347,52.33875072110237,238,20.946511100407008,52.339616699950795,"[6.879912245889383, 27.17503425465646, 21.64366458398242, 19.22511206470073, 19.164501216118406]",0
397,57308,20.948357202922654,52.33734435939649,238,20.946511100407008,52.339616699950795,"[6.879912245889383, 27.17503425465646, 21.64366458398242, 19.22511206470073, 19.164501216118406]",0
398,57813,21.11003848683069,52.243489635805815,6097,21.109913899806656,52.243827799913106,"[12.21944877816209, 16.085045007626345, 4.419254411952188, 10.321079286026318, 14.932018046005258]",2
399,57898,21.1137647761049,52.242814008755175,5988,21.11350000042472,52.242294400066555,"[12.558883712789465, 16.464855001463217, 4.287633480109319, 10.700889279863185, 15.311828039842126]",2
400,57934,21.060775155924222,52.22682863474184,5041,21.06008329980449,52.22781939984549,"[10.409632471724564, 12.265238896765245, 7.558839850422762, 5.85596936952629, 11.39736149863952]",3
401,58202,21.088617697034593,52.16036890287046,1132,21.089427799553334,52.16000279958956,"[19.029776019446988, 5.393460721925764, 14.133215636893247, 8.016052275078632, 16.33739975976082]",1
402,58787,21.12984921000319,52.15704030454213,1034,21.12862219955491,52.15672779964831,"[22.426416230955578, 8.795328206430366, 15.497199099666208, 11.417919759583235, 19.73926724426543]",1
403,59122,21.10425179862609,52.130041690802436,539,21.103658300190432,52.127730600087204,"[22.80859238122559, 4.526353379046047, 18.058913069686284, 11.704439965913348, 20.025787450595544]",1
404,59125,21.102395347749457,52.13116212308856,539,21.103658300190432,52.127730600087204,"[22.80859238122559, 4.526353379046047, 18.058913069686284, 11.704439965913348, 20.025787450595544]",1
405,59256,21.0999365228256,52.10894129365826,264,21.09986669998824,52.10846389958937,"[0, 0, 0, 0, 0]",0
406,59293,21.107356947004977,52.13470866210163,571,21.107063899679304,52.130477799610844,"[23.24542942048664, 4.963190418307095, 18.495750108947327, 12.141277005174395, 20.46262448985659]",1
407,59461,21.060674380398776,52.15216217277939,904,21.06119720009076,52.152383299849475,"[19.80955951801712, 2.291195273507473, 15.746269137289417, 7.304598678207239, 15.207694087553215]",1
408,59526,21.034422228727017,52.16445147623139,1297,21.03579170032674,52.164716700415454,"[18.14394827737272, 4.019128385163326, 14.080657896645018, 5.337686890711759, 12.769022608283745]",1
409,59721,21.06042662791425,52.154273403627975,987,21.060488900342534,52.1555416999895,"[19.421950427345937, 2.6788043641786583, 15.358660046618237, 7.036501361024113, 15.357848845706302]",1
410,59881,21.05885114202106,52.158105345621365,1077,21.058697199915912,52.158047200418025,"[19.72853024101646, 2.985384177849178, 15.665239860288754, 7.343081174694632, 15.664428659376819]",1
411,59911,21.060010179558347,52.15635754755371,987,21.060488900342534,52.1555416999895,"[19.421950427345937, 2.6788043641786583, 15.358660046618237, 7.036501361024113, 15.357848845706302]",1
412,60423,21.033562416815368,52.19481142028047,3041,21.03200279988937,52.19520829982321,"[14.487845286912865, 8.459285429141511, 11.829900018209088, 2.5232662304064335, 11.59150019690094]",3
413,60590,21.07008436375439,52.21452442054453,4329,21.068297200155712,52.215088900032754,"[14.275191916190206, 11.310010725271374, 8.652449894968095, 5.501340923281082, 12.769212488770549]",3
414,61029,21.030398122108522,52.14966935896351,833,21.03121939955571,52.1485249996291,"[20.1511734552892, 3.2853388219062665, 16.283648690531397, 6.805519679743075, 14.069878228686987]",1
415,61067,21.02861280489074,52.149248984444206,847,21.028394399681872,52.14915280016163,"[20.43694516361374, 3.5711105302308073, 16.56942039885594, 7.091291388067616, 14.355649937011528]",1
416,61097,21.022774482404976,52.1525729754873,889,21.022694400326372,52.151669400022854,"[20.30968318492999, 4.503897458010978, 17.55202636485454, 6.964029409383862, 14.228387958327774]",1
417,61705,21.016369819213814,52.12544664508778,382,21.016202799719508,52.12541939998539,"[22.1405001470777, 4.430901702480499, 19.38284332700225, 8.794846371531575, 16.059204920475487]",1
418,61904,21.161602567203154,52.255397809256664,6890,21.160491699732233,52.25527780003051,"[15.334142315543922, 20.021860311613455, 4.967313426628663, 14.27700115330175, 19.353767101509195]",2
419,61991,20.982324831060513,52.263595201288645,7323,20.98253890025012,52.263433300206714,"[6.79659905781722, 16.360570693428922, 14.154422493092603, 8.085611605409566, 8.647312294046891]",0
420,62113,21.112898500840505,52.150401443373376,910,21.112038899775428,52.15249719988594,"[21.254172113135343, 6.5814009957582105, 15.58455029808799, 10.240448368766982, 18.561795853449176]",1
421,62145,21.05402282436778,52.150174614134684,856,21.0515889000078,52.15026110036956,"[20.342414813348487, 2.0648917519356913, 16.279124432620783, 7.4907216333778415, 14.755080182321754]",1
422,62234,21.171587642809996,52.252740853680656,6723,21.17191110041699,52.25232779978819,"[16.19258578047233, 20.880303776541865, 4.482952315207484, 15.135444618230167, 20.212210566437612]",2
423,62261,21.135773958366123,52.24280551953456,5932,21.135575000385984,52.24165280033651,"[14.392063616630894, 17.577520337521587, 2.999005884063315, 11.832661179209884, 16.90942712741733]",2
424,62264,21.136054089153838,52.24280398065864,5932,21.135575000385984,52.24165280033651,"[14.392063616630894, 17.577520337521587, 2.999005884063315, 11.832661179209884, 16.90942712741733]",2
425,62803,21.0432152989642,52.248195417611726,6352,21.043388899578076,52.24786939995289,"[7.914272899818837, 14.247818441425562, 8.702812768969109, 7.478739995853234, 10.39737784445423]",3
426,62840,20.912714485976892,52.24749477008877,6265,20.91173329975203,52.2465777999256,"[11.315048483223821, 18.510057922988654, 19.03217242219784, 10.47526639571705, 3.1815945629813727]",4
427,63046,21.093320455379224,52.262227353923954,7274,21.093144399894186,52.262555599661255,"[9.796265999093684, 18.480565042984455, 9.278569632958208, 12.071295515745502, 14.456122555614874]",2
428,63594,20.97035396052863,52.22226324953099,4817,20.969363899724215,52.223386100088476,"[11.961779100878754, 14.101965137223349, 14.394709395904123, 5.605669308019579, 4.794756584452893]",4
429,63613,20.97332743396901,52.22420262003694,5015,20.972341699809647,52.227172200037046,"[11.469560258819447, 14.159710090770249, 14.30667526386951, 5.663414261566478, 4.791192870544558]",4
430,63825,20.896017337021256,52.21055008263326,4072,20.896580600114646,52.21103059958256,"[16.13196956905123, 15.50252718512962, 20.154450096865332, 9.442714014496516, 2.7521387122477967]",4
431,63944,20.94699213509129,52.19173796916652,2853,20.94610830035782,52.192583300179194,"[16.591829801155594, 10.853232399582797, 17.311922145836796, 5.263901396244007, 5.35645955872402]",3
432,64052,20.910281230018633,52.19411011122106,3084,20.910875000281067,52.19597499974651,"[16.894012493592403, 13.6773366580397, 19.480224258419362, 8.08800565470091, 3.521095028141798]",4
433,64053,20.867431270329707,52.18304329007178,2439,20.86934746211574,52.18256360432696,"[20.277109392895436, 17.431563891188365, 23.234451491568024, 11.842232887849573, 6.897278536092007]",4
434,64455,20.94682174011753,52.20167759805796,3496,20.947219400155234,52.20110830030785,"[14.945434762071974, 12.643890100020718, 16.37910182823927, 4.810902438292348, 6.543825898677987]",3
435,64594,21.168541329677556,52.19544398528904,3044,21.168683299594647,52.19522219974476,"[19.387471250297327, 19.004650087732884, 5.161804793510502, 14.321707535379787, 21.099155373994996]",2
436,64700,21.161728968975027,52.17077658145116,1564,21.160488900142695,52.170127799758234,"[20.590513553663936, 19.237409910959215, 8.64337243648989, 14.554467358606118, 21.331915197221328]",2
437,64775,20.952424344402846,52.32668881057035,9193,20.953180600404437,52.32727219995212,"[5.708848502576257, 25.822727928057237, 20.291358257383198, 17.87280573810151, 17.812194889519187]",0
438,65124,20.90373677232079,52.298694300674114,8638,20.902824999574136,52.29876389973424,"[11.252738127277276, 23.810420304353055, 21.699496311076057, 15.535461216333696, 11.362738344610321]",0
439,65766,20.990606815038152,52.1758993992145,1916,20.99229439956696,52.176800000419746,"[17.498860493821578, 7.064474357434522, 15.469556567477458, 3.309572470348482, 9.298892736867408]",3
440,65831,21.038010918534862,52.18877798033175,2584,21.03713329996185,52.18822500028358,"[15.468803606876461, 8.232420255248414, 11.76073058561262, 3.8491035119900787, 12.672541546336797]",3
441,65922,21.03100129650497,52.286769521700194,8383,21.03074170036922,52.28834440037383,"[3.2369412127381194, 20.213278861986645, 13.43941052311734, 12.718707259163793, 14.381601836823762]",0
442,66009,20.984324078910056,52.27060211839087,7610,20.98392219964984,52.27026669984838,"[5.808240634402196, 17.245252433587318, 14.482871350574744, 9.04267299833498, 9.604373686972306]",0
443,66093,20.960087362681914,52.24759954141612,6296,20.96118609995858,52.24694439956443,"[9.409020603223325, 15.913918045900031, 15.468717742182545, 7.4176222166962615, 5.801318929992636]",4
444,66251,20.987076098035423,52.24617328653861,6177,20.986097200125755,52.245202800368986,"[9.099320381171502, 14.420106754603466, 13.40997271156293, 6.145147666584108, 6.7759119259909255]",3
445,66409,20.942159220723678,52.234144317181965,5322,20.94127219965236,52.23321390040121,"[11.552068731505539, 15.722017085758043, 16.73604554638847, 7.224933968561125, 3.3805474383999425]",4
446,66462,21.05205307515764,52.28993564092079,8491,21.052255599816135,52.29223330002685,"[4.340622923221167, 20.274360391242748, 12.715863993671348, 12.779788788419891, 14.44268336607986]",0
447,66504,20.979171716937927,52.16590594277257,1384,20.977927800028,52.16666670040797,"[17.961059072556512, 10.26930083269399, 17.992476146225542, 5.536568241134576, 9.741841197853606]",3
448,66552,20.886096142046984,52.20982586082539,4030,20.888136100101008,52.21003329999684,"[16.96647675491072, 16.03473203483706, 20.784234755533326, 9.974918864203957, 3.586645898107288]",4
449,66819,21.020050892125038,52.23620309815191,5485,21.02034170010944,52.23595830033537,"[9.550478828987224, 12.826940251340353, 10.651231058383173, 5.189664858879399, 8.18594362939917]",3
450,66841,21.022200358793302,52.23344059523929,5272,21.022833299717036,52.232183299819496,"[10.13561475560211, 12.38253974338363, 10.327648261665354, 4.745264350922678, 8.56780178111013]",3
451,66906,21.0204238932624,52.222177315494626,4698,21.02068059972993,52.22159169989709,"[11.220198125919199, 11.22334854153303, 10.544780052470895, 3.5545522150144717, 8.556586080590748]",3
452,67100,21.01742888348974,52.279574698058326,8084,21.01410559959379,52.28091109986741,"[4.057754536487035, 18.84784783883459, 13.316478168160556, 11.263755802844974, 12.516459639475814]",0
453,67198,20.89634338330504,52.25920683358251,7135,20.89594999999258,52.26002500005376,"[12.21223073968845, 20.46971931164868, 20.44323964425292, 11.97263619445176, 5.346900513688103]",4
454,67258,20.916183691550174,52.2437424558044,5923,20.917613900061497,52.24406940008282,"[11.627208843774753, 18.369451718663466, 18.43393141341706, 9.87236860146654, 3.191461973190461]",4
455,67306,20.95881566217398,52.2092387524828,3974,20.95822219979476,52.2098111000023,"[14.132957498162522, 12.930428700490943, 15.778536141449777, 4.796109740076405, 6.127537268462953]",3
456,67496,21.14407588871309,52.22645225002935,4947,21.14362779978319,52.22606110023963,"[15.12323102550591, 16.546208784467197, 1.4912556263296943, 11.863266232114087, 17.6113563460522]",2
457,67538,21.222450276008335,52.160524035287324,1138,21.223227800422706,52.16015559980116,"[24.80114200245077, 24.3718818903223, 9.025725648170976, 19.68893933796919, 26.466387176584405]",2
458,67701,21.0688394123045,52.3105040368747,8754,21.066858300170452,52.30502220001455,"[5.636587703684071, 22.208214608833792, 14.649718211262392, 14.713643006010935, 16.376537583670906]",0
459,67863,20.93281782101507,52.291190480500624,8482,20.932016700010763,52.292047199718525,"[8.89987979861265, 21.114786917384144, 19.003862924107146, 12.83982782936478, 9.397235849742936]",0
460,67867,20.92531192425497,52.29155468075292,8466,20.924758299655878,52.29123610026585,"[9.19850478080954, 21.413411899581032, 19.302487906304034, 13.13845281156167, 9.577311168236692]",0
461,67911,20.95517250590115,52.28320237012603,8177,20.955286100373257,52.282911100367016,"[6.63628409415381, 19.129329579136904, 17.018405585859906, 10.854370491117535, 8.808101625663147]",0
462,67955,20.94011754059473,52.292579292789725,8547,20.938586100068505,52.295061100389546,"[8.25178740794855, 21.093658193409546, 18.982734200132548, 12.81869910539018, 9.773810188527955]",0
463,68058,21.114966826418744,52.252876233352275,6834,21.112480599999742,52.25402500035352,"[11.316611570052174, 17.20429116821066, 5.950835378328501, 11.440325446610633, 15.757869885570276]",2
464,68102,21.09097803054183,52.23865023596952,5607,21.090797199930876,52.23768889992283,"[11.443129759315035, 14.793413799407755, 5.390531059414389, 8.384144272168802, 13.686864740418548]",2
465,68374,21.076485914292366,52.16269608261539,1409,21.079538900200134,52.16666670040797,"[18.83484098793949, 4.9545226782480185, 14.117252633459437, 6.870487642992591, 15.19183512767478]",1
466,68579,21.013476363772757,52.199239893660014,3259,21.012113899836663,52.19911940014026,"[14.170047414736834, 8.609688261714064, 13.018876710794949, 0.33564514764883485, 9.563639850512223]",3
467,68586,21.02257473707956,52.20836122614671,3872,21.021772200426767,52.20824440005907,"[12.725009143066297, 9.565978041842728, 11.461859103574941, 1.952950116374111, 9.511993370948591]",3
468,68656,21.01971272632658,52.19814742139077,3171,21.01884170018434,52.19755559961129,"[14.204521693748328, 8.43616143535234, 12.839601652603957, 1.0083040144739335, 10.187047637671414]",3
469,68667,21.01932335684986,52.20165318371602,3450,21.020255599916027,52.20229439996666,"[13.556990885860845, 9.14188637608322, 12.263021774866235, 1.1481296231153042, 9.949827053442705]",3
470,68832,21.02854381779927,52.15942799453765,1153,21.02832780038773,52.1604500000675,"[18.65459662893083, 3.636390555978199, 14.780670257238086, 5.308942853384702, 12.573301402328616]",1
471,68888,21.23081227565771,52.259040232994145,7041,21.230055599985974,52.25825279962703,"[20.29937257336803, 25.338567316269494, 8.595427292147342, 19.59370815795779, 24.670474106165234]",2
472,68962,21.042965834983637,52.20928274137589,3964,21.042172199587412,52.209638899615584,"[12.905389878400221, 9.717360035482724, 10.249437138006485, 3.164918657741118, 11.014689963841942]",3
473,69057,21.01188856710769,52.225881054538,4935,21.011619400415043,52.225672200112,"[11.035494998732636, 11.747033434176881, 11.377425601905795, 3.7165802859749295, 7.987046707380561]",3
474,69086,20.902162666801196,52.26259467518705,7307,20.901813899891636,52.26318059970498,"[12.564968152485841, 20.822456724446074, 20.79597705705031, 12.325373607249148, 5.699637926485495]",4
475,69100,20.980029011199093,52.20981615104112,4032,20.980355599931045,52.21059999969026,"[13.20160608393291, 11.342217332505967, 13.542130228694234, 2.845134215309041, 6.403287972727178]",3
476,69193,21.080427754577578,52.25335757986485,6740,21.079902800074194,52.25266110022966,"[10.25560426930601, 16.126406670193347, 6.964414887098158, 9.71713714295439, 13.084386437412078]",2
477,69335,21.02814075694485,52.25038434230973,6511,21.028313899566854,52.24984440019898,"[7.701459726231398, 14.863554431144685, 9.919953113839378, 7.738068837913266, 9.400963415573235]",0
478,69602,21.01164245898637,52.30319133394674,8723,21.009450000017523,52.30341390013143,"[0.4752739385794251, 21.625480852945167, 15.79613450673785, 14.029502649852112, 13.968891801269786]",0
479,69823,20.951905935084774,52.35882167724426,9200,20.953730599687503,52.35868059972995,"[7.664098375906376, 29.028070046815404, 23.496700376141366, 21.078147856859676, 21.01753700827735]",0
480,69850,21.05514469664283,52.34825909396496,9309,21.05531940027015,52.34638610023836,"[7.337134570702815, 27.56629965927677, 20.007803261705373, 20.071728056453914, 21.199283297555983]",0
481,69969,21.0456666707032,52.3145640364884,8946,21.047219399955395,52.31488059975993,"[5.734242051453094, 24.75332278620878, 17.569612631332436, 17.177796253488264, 17.117185404905936]",0
482,70478,21.198413599774117,52.18774329021913,2429,21.198227799573317,52.185527800367765,"[21.32185307118321, 21.53311149151819, 5.546436716903411, 16.850168939165098, 23.627616777780304]",2
483,70504,20.866135226221132,52.20597405311887,3698,20.86608060013964,52.20566940002283,"[19.52344950689277, 17.783208786308276, 22.81296467945627, 12.0036487881269, 6.143618650089338]",4
484,70736,20.882843025558696,52.19659152363232,3113,20.882813899641803,52.19641669997077,"[18.204678352835206, 16.042192403781524, 21.4941935253987, 10.452861400442739, 4.824847496031771]",4
485,70840,21.004802111095668,52.15549102505233,300,21.005624999893882,52.15506940033259,"[19.412273431678646, 5.104455060900092, 16.654616611603192, 5.807647237048761, 12.821777658199387]",1
486,71009,21.015383483243912,52.22886968814986,5136,21.016891700191877,52.229766700073185,"[10.363612593189846, 12.11847129348198, 10.920721145025462, 4.34300588317737, 8.22336824470882]",3
487,71235,21.026725437437577,52.25088603961742,6637,21.02695560042065,52.251080600189596,"[7.867370535681832, 15.029465240595119, 10.085863923289812, 7.9039796473637, 9.56687422502367]",0
488,71239,21.029777639713824,52.24887235075901,6449,21.028988900117724,52.24922779982313,"[7.618800472747241, 14.780895177660527, 9.83729386035522, 7.655409584429108, 9.318304162089078]",0
489,71560,20.98646547944115,52.21591077226651,4399,20.9858638997992,52.21619169998701,"[12.4637095729562, 11.649996907145333, 12.868545581401133, 3.1529137899484074, 6.77551996610935]",3
490,71953,21.156777879243787,52.26103847887533,7250,21.155513900046515,52.261041699814655,"[15.163815825996956, 21.032445048247553, 5.9778981632627595, 15.287529702555416, 19.605074141515054]",2
491,71957,21.165956004832335,52.260885097649954,7194,21.16593329958215,52.26100000004999,"[15.513820830592985, 20.742805395803213, 5.688258510818418, 14.997946237491506, 19.955079146111082]",2
492,72135,21.161793218783817,52.25755845320018,6986,21.16086669993831,52.25731390021639,"[15.167023589901948, 20.206218332803424, 5.151671447818629, 14.461359174491715, 19.538125122699164]",2
493,72413,21.173388221851052,52.24922164088462,6563,21.172597200400503,52.249147199883396,"[16.532990170584736, 21.220708166654273, 4.542505231664102, 15.47584900834257, 20.55261495655002]",2
494,72427,21.171552552232576,52.24876991855674,6465,21.170997200360546,52.249352800191616,"[16.442254402560284, 20.97801350102687, 4.146029212957186, 15.233154342715167, 20.319968476615802]",2
495,72450,21.173405605870226,52.2482378987516,6398,21.172255600115875,52.24804439992914,"[16.65270336205427, 21.001969808532692, 4.169985520463008, 15.257110650220989, 20.453286095741465]",2
496,72533,21.131051955574762,52.24579411722102,6189,21.13165279973697,52.24542219987467,"[13.77465383791074, 18.1954593424666, 3.6169448890083227, 12.450600184154888, 17.52736613236234]",2
497,72922,21.01402044648843,52.2722632084797,7751,21.014433299956863,52.2732999997952,"[0, 0, 0, 0, 0]",0
498,73004,21.052274651549062,52.25485130345742,6804,21.05256390000403,52.25355279962207,"[8.164514668400287, 16.421225189356225, 10.511639550124213, 9.588787805242815, 11.251682382902786]",0
499,73165,20.942165286675472,52.25414893671407,6869,20.943425000363504,52.25396390041374,"[9.55083228203919, 18.487656171140586, 18.364866380501265, 9.990573053943665, 6.060974756629727]",4
