,db_index_budynki,coordsY_budynki,coordsX_budynki,db_index,coordsY,coordsX,distances,klasyfikacja
0,186,21.02499107309441,52.268094730514086,7472,21.026363899574335,52.266966699653494,"[5.972427834325358, 17.55740010973692, 13.172382633916774, 12.771717403393, 8.98603465991829, 10.616135143301294, 17.91205384341672, 14.103600992075963, 15.726479578809125, 9.209611352226506]",0
1,250,21.006458460820355,52.31614598957712,8992,21.005688900322525,52.31538060033449,"[5.5485680264919655, 23.1915826833242, 18.54329121445186, 17.588273126607, 15.125510710148564, 16.816975314343928, 24.33869748961039, 20.304441163118597, 21.927319749851762, 12.122316196299046]",0
2,316,20.959221375156886,52.25656975267638,7152,20.9577889001377,52.258155600000975,"[8.605107831253978, 21.662449378985166, 10.284487446593827, 17.044902113815578, 7.450870773341378, 13.717645859321518, 17.74284746604027, 17.20511170809618, 19.83152884805736, 3.9678033575893057]",9
3,565,20.976362738066562,52.21929092061788,4514,20.977761099894906,52.218905600313235,"[13.251134798104344, 19.399424457816412, 6.032980209476703, 15.049835790353901, 2.294697160383602, 10.514768231193173, 12.831445184114983, 14.002234079967838, 16.832938828948933, 7.277204839907426]",4
4,572,20.99702420603972,52.22563153533965,4925,20.99658329967957,52.225327800237835,"[12.014844154460548, 18.07026456704368, 7.53822087290198, 13.504651044983756, 2.511888647290327, 9.185608340420437, 12.538482500357224, 12.6730741891951, 15.503778938176199, 7.393284427046847]",4
5,628,21.020133407855326,52.14212696062877,703,21.02142779965328,52.14129719960613,"[21.18791568287491, 24.497834667979443, 11.831793148693919, 20.20236035816749, 9.84073922485266, 13.369320483546183, 3.9116256018785815, 16.85678633232084, 19.687491081301943, 16.98034513722696]",6
6,693,21.15516174537044,52.25925587128547,7101,21.155261099720008,52.25944440043878,"[13.63189515031561, 7.131635129778771, 20.291225992231066, 1.528325573061575, 14.520196223360823, 8.270363264133298, 21.03422490347054, 10.245325363528485, 9.627578080038989, 18.731634988904755]",3
7,715,21.140912539127395,52.24409015955781,6212,21.140855600005978,52.24583060000225,"[13.866137927168827, 7.58639821528261, 18.467620268391585, 2.385735866760666, 12.226766927573555, 5.967682673062784, 18.73154431240003, 7.942644772457973, 7.324897488968477, 17.538084049925075]",3
8,1642,21.077051542778353,52.17533270023355,1864,21.076791699777175,52.17591669979589,"[17.727708906435236, 19.067595839478486, 12.994955737792397, 14.772121529666533, 8.889960146689711, 7.939081655045231, 6.773320530802241, 11.426547503819894, 14.257252252800999, 15.72706380344326]",6
9,1706,21.060285601409166,52.14000019826796,728,21.060958299685808,52.14080280000928,"[22.19577634534471, 24.22051344016954, 13.353579508944259, 19.92503913035759, 11.362525585102997, 13.09199925573628, 1.3778698340951117, 16.579465104510938, 19.41016985349204, 18.502131497477297]",6
10,1732,21.02376676655964,52.13857400202236,670,21.024483300264137,52.13793889996032,"[21.726060672865316, 25.035979657969847, 12.369938138684324, 20.740505348157896, 10.378884214843065, 13.907465473536586, 4.449770591868987, 17.39493132231124, 20.22563607129234, 17.518490127217362]",6
11,1778,21.01680921902794,52.12200223338294,478,21.018261099670042,52.12167499980143,"[23.167676965022203, 26.477595950126734, 13.811554430841218, 22.18212164031479, 11.820500506999956, 15.349081765693477, 4.415839004452872, 18.836547614468135, 21.66725236344923, 18.96010641937425]",6
12,1781,21.010076689702654,52.11028150268215,395,21.009447200427985,52.11048609985369,"[24.948985390263854, 28.258904375368385, 15.592862856082869, 23.963430065556445, 13.601808932241607, 17.130390190935127, 6.197147429694521, 20.617856039709782, 23.448560788690884, 20.7414148446159]",6
13,2011,21.132917506124684,52.15306307866179,704,21.131736100340788,52.152702800194106,"[23.644444149316286, 22.803254493579445, 17.7029195254199, 18.507780183767487, 14.60021674909929, 11.674740309146186, 9.37326287793243, 15.162206157920853, 17.992910906901947, 21.437320405852834]",6
14,2097,21.027086373696033,52.11474307542656,423,21.03160829968334,52.11325559986608,"[24.877516459228083, 28.187435444332614, 15.521393925047098, 23.89196113452067, 13.530340001205836, 17.058921259899357, 6.125678498658751, 20.54638710867401, 23.377091857655113, 20.66994591358013]",6
15,2127,21.101943849279763,52.11470835341387,474,21.098847199738543,52.11694440036382,"[24.900797893007866, 26.23914605702108, 17.581038338862825, 21.943671747209137, 15.182571817549492, 15.110631872587824, 4.17917917692697, 18.598097721362482, 21.428802470343577, 22.598018205604514]",6
16,2231,21.159555478882588,52.2586034144708,7060,21.16091110036706,52.25867220026191,"[14.040912623637578, 6.930884066750503, 20.569549796433833, 1.3275745100333067, 14.328696455615798, 8.069612201105029, 20.833473840442274, 10.044574300500216, 9.42682701701072, 19.140652462226722]",3
17,2283,21.17131814018653,52.28411346842821,8258,21.172188900097694,52.28574170031925,"[0, 0, 0, 0, 0, 0, 0, 0, 0, 0]",0
18,2305,21.170649531073867,52.28183839125797,8080,21.170244400358854,52.280849999927625,"[0, 0, 0, 0, 0, 0, 0, 0, 0, 0]",0
19,2445,21.171243695420582,52.26929412420893,7564,21.170319400220194,52.26916670038298,"[15.27499168167206, 7.762971138449035, 21.934322523587518, 2.7364010063446758, 15.737522951927167, 9.478438697416397, 22.242300336753644, 11.453400796811584, 10.835653513322088, 20.374731520261207]",3
20,2453,21.150119423997666,52.26411536865022,7400,21.14943609999608,52.26547499957161,"[13.898674172171702, 7.7773147268116904, 20.55800501408716, 2.174005170094494, 14.786975245216917, 8.758355378780943, 21.310859193331712, 10.733317478176133, 10.115570194686637, 18.99841401076085]",3
21,2636,21.168425276531586,52.2695074764593,7532,21.16902780019285,52.26853610026086,"[15.016134875899148, 7.724298332356131, 21.6754657178146, 2.6977282002517717, 15.698850145834262, 9.439765891323493, 22.20362753066074, 11.41472799071868, 10.796980707229183, 20.11587471448829]",3
22,2738,21.16538906350285,52.26776063960643,7401,21.165541699689754,52.2673027996845,"[14.655206871374038, 7.670203142909553, 21.314537713289493, 2.6436330108051944, 15.543507944419254, 9.385670701876917, 22.067391892534044, 11.360632801272104, 10.742885517782607, 19.754946709963182]",3
23,3116,21.06533531975962,52.28361661871157,8195,21.066449999867643,52.28339169986708,"[4.866502933340731, 16.018852711904696, 16.160653074456484, 10.415543155187496, 11.712143486273623, 11.188791120613603, 20.286718062822622, 14.67625696938827, 15.081509464019762, 12.943020403809038]",0
24,3137,21.066805204886773,52.283075846019145,8195,21.066449999867643,52.28339169986708,"[4.866502933340731, 16.018852711904696, 16.160653074456484, 10.415543155187496, 11.712143486273623, 11.188791120613603, 20.286718062822622, 14.67625696938827, 15.081509464019762, 12.943020403809038]",0
25,3208,21.067809973523698,52.28097880377158,8101,21.068144399944174,52.28131110032706,"[5.119975220403091, 15.734996328923495, 15.876796691475283, 10.131686772206297, 11.428287103292424, 10.904934737632404, 20.002861679841423, 14.39240058640707, 14.797653081038563, 12.879069831860052]",0
26,3282,21.071392635488372,52.26413503971668,7424,21.07068059963001,52.26406939968308,"[7.1272769550812365, 14.527218720613345, 15.129061755170005, 8.923909163896148, 10.680552166987146, 9.697157129322253, 18.853966163264758, 13.18462297809692, 13.589875472728412, 12.640528252063847]",0
27,3356,21.074301284296084,52.27763508626116,7982,21.074458299910646,52.278549999982545,"[5.702165008913543, 15.488605112687164, 16.051552615204802, 9.885295555969966, 11.603043027021945, 10.658543521396073, 20.177617603570948, 14.14600937017074, 14.551261864802232, 13.461259620370503]",0
28,3377,21.069559698062662,52.27697076847991,7921,21.06794439971435,52.27716109960511,"[0, 0, 0, 0, 0, 0, 0, 0, 0, 0]",0
29,3443,21.03839847904239,52.273712771327205,7817,21.03911390028634,52.27494719985344,"[5.162622604638048, 17.141586359931384, 14.677302645543405, 11.538276803214183, 10.228793057360548, 11.25339421508831, 18.91726268084746, 14.740860063862979, 16.20424311204645, 10.85074581131635]",0
30,3504,21.075380756115226,52.26827056006803,7130,21.07555830027536,52.268808299863224,"[6.703108629926433, 14.159679339527916, 15.427285669736966, 8.556369782810718, 10.978776081554107, 9.329617748236824, 19.078536095602793, 12.817083597011491, 13.222336091642983, 12.938752166630808]",0
31,3639,21.0602660575779,52.27935748748194,7998,21.060350000052495,52.27898059987484,"[4.929272842959218, 15.558173050263624, 15.64451718508397, 9.954863493546426, 11.196007596901111, 10.728111458972533, 19.770582173450112, 14.2155773077472, 14.620829802378692, 12.301619547393623]",0
32,3757,20.992728303573408,52.267998997202646,7503,20.99340000001007,52.26816389964432,"[6.704805733852207, 19.68861315440726, 11.906264344489637, 15.024832908389023, 7.935546747148803, 11.966544691440145, 17.371326510790837, 15.454010540214806, 17.85769262347946, 6.735436047744698]",0
33,3758,20.9861685628434,52.2679582590816,7513,20.986852799716985,52.26836110028461,"[6.762822159011807, 19.864724525241847, 11.71547132244285, 15.20094427922361, 7.758105906344337, 12.11363396430991, 17.388067800248738, 15.601099813084572, 18.033803994314045, 6.035139178157898]",9
34,4388,21.047137469133503,52.28883862325214,8442,21.04765559992603,52.29021939960569,"[3.273860697877825, 17.74375576149451, 16.699986035573954, 12.140446204777302, 12.251476447391092, 12.913694170203408, 20.93994607087801, 16.40116001897808, 16.806412513609573, 11.795201405212543]",0
35,4429,20.93363855057466,52.22491302702029,4871,20.933747199773507,52.22443890043496,"[13.524762977181101, 22.546729700361876, 4.118634915075791, 17.929182435192303, 6.326534184575989, 13.858741056937355, 16.293663431725776, 17.346206905712023, 20.17691165469312, 4.817659470533062]",2
36,4514,21.160693856891275,52.261745930174705,7253,21.160933300131774,52.26211939969062,"[14.061031497559867, 7.432022499041325, 20.720362339475322, 1.8287129423241288, 14.829834887906621, 8.570750633395852, 21.334612272733093, 10.545712732791038, 9.927965449301542, 19.16077133614901]",3
37,4546,21.159162584311357,52.25306449184639,6778,21.15842219962485,52.2532333001767,"[14.504604453703422, 6.189899843294666, 20.189913274238986, 1.2448466038096861, 13.949059933420953, 7.689975678910182, 20.453837318247427, 9.66493777830537, 9.047190494815874, 19.260377055772476]",3
38,4857,20.960001503380226,52.18590361709773,2433,20.959508299568427,52.18558890030755,"[17.205969337701106, 22.714093651965722, 4.402470866194205, 18.364504984503213, 5.525156897925637, 13.078296375780692, 10.570868808101098, 16.565762224555357, 19.396466973536455, 10.368630504410836]",2
39,4991,20.938860207475177,52.18074429804207,2121,20.939272200052017,52.18040000005999,"[18.522762991576556, 24.242341531624444, 4.222730216494892, 19.892752864161935, 7.053404777584355, 14.98030152594788, 12.318989940170905, 18.467767374722538, 21.298472123703633, 10.214501209188754]",2
40,5134,20.93722574608664,52.19687478129607,3101,20.93776669987335,52.196249999837676,"[16.513636939772518, 23.51501263170255, 2.314819385104841, 19.14618630575709, 6.410285334269731, 14.630356405079302, 12.350125252275733, 18.11782225385396, 20.948527002835057, 7.938585025956994]",2
41,5388,20.897958211722987,52.20657556838438,3765,20.89758060036445,52.20674170036921,"[17.17424793457661, 25.851154149070883, 2.671096295531256, 21.48232782312543, 8.74642685163807, 16.966497922447637, 15.862613620368938, 20.453963771222305, 23.284668520203404, 6.511360762888262]",2
42,5820,20.875686314522873,52.190204300842346,2675,20.875300000094967,52.18949439964689,"[20.144356744500175, 28.173251606266188, 3.184970327063707, 23.804425280320736, 11.068524308833373, 19.288595379642942, 17.13132619788085, 22.77606122841761, 25.60676597739871, 9.481469572811822]",2
43,5821,20.876225110373856,52.189856304905376,2745,20.876619399965364,52.190622199854715,"[19.989786385032655, 28.18839386720725, 3.095992842835858, 23.819567541261797, 11.083666569774433, 19.303737640584004, 17.146468458821904, 22.791203489358672, 25.62190823833977, 9.326899213344301]",2
44,5876,20.880573520504367,52.19032291904405,2758,20.880205600408203,52.19075280030154,"[19.837800810765142, 27.948557027289436, 2.9440072685683436, 23.579730701343983, 10.843829729856616, 19.06390080066619, 16.906631618904097, 22.55136664944086, 25.38207139842195, 9.174913639076788]",2
45,6114,20.870813144910084,52.18692762781702,2491,20.869805600148368,52.186474999621566,"[20.704814332144313, 28.661642626183575, 3.673361346981093, 24.292816300238123, 11.556915328750758, 19.77698639956033, 17.61971721779824, 23.26445224833499, 26.095156997316096, 10.04192716045596]",2
46,6303,20.886249066383215,52.18603832994238,2444,20.88693060026702,52.18604169996456,"[20.282216489187952, 27.634013267486363, 2.6457319882838806, 23.26518694154091, 10.529285970053545, 18.749357040863117, 16.59208785910102, 22.23682288963778, 25.067527638618877, 9.62286142004098]",2
47,6316,20.885711300130286,52.18566891913199,2370,20.885225000033756,52.18478060044441,"[20.282619012805245, 27.89758256436831, 2.9093012851658293, 23.528756238422858, 10.792855266935494, 19.012926337745064, 16.85565715598297, 22.500392186519733, 25.33109693550083, 9.619731841116892]",2
48,6443,20.887064501049984,52.1960376042996,3032,20.887183299869434,52.195061099690065,"[19.358682866401256, 27.227487528015903, 2.1350865036445104, 22.85866120207045, 10.122760230583085, 18.342831301392657, 16.185562119630557, 21.83029715016732, 24.661001899148417, 8.695795694712904]",2
49,6483,20.987360960911296,52.25391555907035,6822,20.985700000154907,52.253897200395556,"[8.862587772635095, 19.292303091520843, 9.800749395395474, 14.674755826351257, 5.843383979296958, 11.347499571857195, 15.681798803163238, 14.834965420631857, 17.461382560593037, 5.734641499754263]",9
50,6538,21.015940835390385,52.24517943910496,6171,21.01796670030302,52.245172200037075,"[8.958112936592045, 16.85909360975734, 10.608638457437662, 12.241546344587757, 5.8346395746301996, 8.627407345832996, 14.565099408238781, 12.114873194607659, 14.945577943588757, 8.120104954331506]",4
51,6554,21.021375628867418,52.245307908431705,6113,21.02140829965333,52.24421109996234,"[9.090276351108962, 16.64699310488079, 10.548780318054233, 12.02944583971121, 5.740131390370543, 8.29438728759474, 14.462893285029597, 11.781853136369401, 14.6125578853505, 8.376109477045839]",4
52,6603,21.01448202628286,52.223639863051204,4885,21.01478889998782,52.22469169986209,"[11.851722579559588, 16.77889360380881, 8.856243274787317, 12.429304936346298, 3.1239180095911903, 7.894237377185568, 12.054620898000945, 11.381703225960232, 14.212407974941328, 8.711306828932186]",4
53,6929,21.023309498766793,52.25613935115732,6921,21.0239528000817,52.2558417001344,"[7.616516546294214, 16.31675056680075, 11.817485591130392, 11.699203301631169, 7.3689760029475355, 9.023906991510707, 16.097034643854577, 12.51137284028537, 14.48583003587295, 9.328952088024236]",4
54,6992,21.0213424945785,52.27740893379768,7938,21.023500000424747,52.27722500003375,"[4.44327304305488, 18.208063054447592, 15.257364115922421, 12.604753497730396, 10.808854527739564, 11.833455685467326, 19.497324151226465, 15.320921534241995, 16.943800120975155, 11.162131334809317]",0
55,6993,21.020587117019108,52.27852758066425,7938,21.023500000424747,52.27722500003375,"[4.44327304305488, 18.208063054447592, 15.257364115922421, 12.604753497730396, 10.808854527739564, 11.833455685467326, 19.497324151226465, 15.320921534241995, 16.943800120975155, 11.162131334809317]",0
56,7211,21.186097215658044,52.205488948283865,3636,21.186641699654785,52.20488060015964,"[18.842294295135442, 6.225299077892882, 22.683453579967434, 8.780469664130477, 16.423362580666467, 7.95654481528378, 21.805935998029078, 7.260837612092955, 4.080546682804454, 22.00263830072505]",8
57,7431,21.167953794079338,52.18957785981529,2670,21.168361100384516,52.189147200183186,"[19.558197161268158, 11.39086812178577, 22.45366648881891, 9.718727871659384, 16.19357548951794, 6.5509893761385465, 20.400380558883835, 3.678260587036274, 1.0887338160392852, 22.51079577197478]",8
58,7637,21.144035501939452,52.1866000341932,2413,21.144319400020322,52.1852611001197,"[19.224776171883523, 13.32715096744983, 19.98397780578513, 10.16939491668263, 13.723886806484165, 5.066759001865603, 17.93069187585006, 0.1589857225360079, 3.7943987718101067, 20.041107088941]",7
59,7752,21.14430940664379,52.188583108471725,2646,21.14121110021216,52.18904720006827,"[18.74968955255922, 12.904253063762226, 19.69896456668804, 9.694308297358331, 13.43887356738707, 4.591672382541303, 17.64567863675296, 0.6340723418603083, 3.664965166571167, 19.756093849843904]",7
60,7787,21.173325834478177,52.18554098546352,2402,21.172122200079514,52.18515830041531,"[20.007955348440078, 10.879384929360693, 22.587906666852568, 10.1684860588313, 16.327815667551597, 7.00074756331046, 20.534620736917486, 2.76291458360344, 1.1904699107426744, 22.645035950008435]",8
61,8456,21.23574466541492,52.25302463702958,6830,21.233980600224584,52.25403609978622,"[19.214474152890457, 3.3801253678379664, 25.514250274785002, 6.272274988384478, 19.273396933966975, 12.629719225717524, 25.778174318793443, 14.604681325112717, 11.882012054665214, 24.3142139914796]",1
62,8457,21.23745336347158,52.25069400458701,6577,21.239172200236908,52.250263899759204,"[20.073922641830023, 3.3658285845913096, 25.60803541396882, 7.131723477324044, 19.34794441466785, 12.615422442470868, 25.85272179949432, 14.59038454186606, 11.867715271418557, 24.92722013472644]",1
63,8569,21.253444336409327,52.25081976615853,6649,21.25431109977751,52.25128060041942,"[20.784009684479113, 4.5648038739747685, 26.80701070335228, 7.841810519973134, 20.54691970405131, 13.814397731854328, 27.051697088877777, 15.78935983124952, 13.066690560802016, 25.883749523068257]",1
64,8652,21.23215509157578,52.25076805800366,6576,21.232777800155418,52.250263899759204,"[19.628278996043022, 2.9043403182370664, 25.14654714761458, 6.686079831537047, 18.88645614831361, 12.153934176116625, 25.391233533140078, 14.128896275511817, 11.406227005064315, 24.4657318683722]",1
65,8815,20.941771396464517,52.350520125234034,9340,20.941083299754553,52.350736100290874,"[10.670905652229262, 28.318619652646635, 22.547344835847465, 23.409813366848688, 19.12956433154418, 21.377354686211007, 28.67327338632644, 24.86482053498568, 26.48769912171884, 16.126369817694655]",0
66,8971,21.03241670382995,52.35583183782142,174,21.03190000018492,52.35696109957513,"[5.997794376054114, 26.38571191417273, 23.57854855730243, 20.782402357455542, 20.160768052999142, 21.555650322881647, 29.373954832460964, 25.04311617165631, 25.448368666287806, 17.157573539149624]",0
67,8991,21.04040717006931,52.35894511818417,272,21.039786100348294,52.359141700129385,"[6.265599646762251, 26.32910372693281, 23.90208414766632, 20.72579417021562, 20.484303643363038, 21.499042135641727, 29.604461470552845, 24.98650798441639, 25.391760479047885, 17.481109129513513]",0
68,8999,21.04721396176055,52.360481612340855,9209,21.047436099696313,52.361738899930344,"[6.863602341751383, 26.927106421921945, 24.500086842655453, 21.323796865204756, 21.082306338352172, 22.09704483063086, 30.20246416554198, 25.584510679405525, 25.98976317403702, 18.079111824502647]",0
69,9126,20.96956654773265,52.35275308514335,9370,20.97042220032432,52.35290280002425,"[9.409474285560657, 27.751691556897278, 22.567035587543234, 22.148382000180078, 19.14925508323995, 21.377084187917006, 28.69296413802221, 24.864550036691675, 26.48742862342484, 16.14606056939043]",0
70,9211,21.02312380770815,52.33696841558672,235,21.021749999762733,52.339083300354105,"[3.975425942719702, 24.462871835942547, 21.556180123968016, 18.859562279225347, 18.138399619664725, 19.63281024465145, 27.351586399126546, 23.120276093426117, 23.52552858805761, 15.135205105815208]",0
71,9252,20.969415904084588,52.28422334802002,8202,20.96912219972978,52.283533299921885,"[6.346464705620385, 22.15141941412054, 12.383761665704723, 17.4876391681023, 9.31049742045665, 14.400328853188597, 19.327082375066926, 17.887794701963262, 20.320498883192737, 5.642137188626587]",9
72,9265,20.98042464479987,52.28224318972594,8228,20.981905600363234,52.28416109955515,"[0, 0, 0, 0, 0, 0, 0, 0, 0, 0]",0
73,9622,20.883733820032894,52.301890462011514,8709,20.88268890017264,52.302469399743075,"[13.016353684563851, 28.520903175693043, 14.784023184299349, 23.85712292967481, 15.163573757492973, 20.76981261476111, 25.29452814310021, 24.25727846353577, 26.68998264476524, 8.562292157006912]",9
74,9755,20.88377138722985,52.28589716724961,8252,20.88091940041005,52.28480280000929,"[12.749456331318985, 27.683191591420652, 13.946311600026956, 23.019411345402418, 14.32586217322058, 19.93210103048872, 24.456816558827818, 23.419566879263378, 25.85227106049285, 7.724580572734519]",9
75,10088,20.955442447428773,52.221463186253025,4661,20.955072200221935,52.22087780007047,"[13.225465661481246, 21.81501403162377, 5.782337992461953, 17.36289397861931, 4.710286734190968, 12.93035780500054, 14.677415981340758, 16.4178236537752, 19.248528402756293, 5.099165075076908]",4
76,10156,20.94509067387736,52.23425972874259,5341,20.944186100208412,52.23357220019693,"[12.391890595577966, 22.274443214503815, 5.74106722850588, 17.656895949334242, 6.0542476987179255, 13.58645457107929, 16.02137694586771, 17.07392041985396, 19.904625168835057, 3.7106707582812035]",9
77,10316,20.948434507488468,52.18642480018147,2498,20.948802799609552,52.18662500024362,"[17.518880831684942, 23.238459371732826, 3.6427724641408883, 18.88887070427031, 6.0495226176927375, 13.976419366056263, 11.31510778027929, 17.463885214830924, 20.29458996381202, 9.63454345683475]",2
78,10492,20.95016749895323,52.19309192896777,2845,20.9484222002244,52.192136099701315,"[17.168428651176313, 22.8880071912242, 2.989977415747842, 18.538418523761685, 5.699070437184112, 13.625967185547635, 11.19027963696452, 17.113433034322295, 19.944137783303393, 8.981748408441705]",2
79,10609,20.877392454870588,52.19050711228389,2745,20.876619399965364,52.190622199854715,"[19.989786385032655, 28.18839386720725, 3.095992842835858, 23.819567541261797, 11.083666569774433, 19.303737640584004, 17.146468458821904, 22.791203489358672, 25.62190823833977, 9.326899213344301]",2
80,10770,21.0113497096619,52.23236119513228,5295,21.010061100139694,52.232652799886864,"[10.866944373992352, 17.12511249440488, 8.875700823037686, 12.5075652292353, 3.897891877298267, 8.52968206441403, 13.039399103568176, 12.017147913188692, 14.84785266216979, 8.091102219093685]",4
81,10887,21.02824723092492,52.25796638756132,7014,21.02749999962532,52.25783060030204,"[7.0338950695863645, 16.0199202612542, 12.195950509349752, 11.402372996084615, 7.747440921166895, 9.078655294818567, 16.4359105446538, 12.566121143593236, 14.188999730326397, 9.28677799882659]",0
82,11280,20.949984696748643,52.19867411193842,3294,20.951083299554682,52.19973329985197,"[16.585906630634618, 22.3054851706825, 5.463231971801554, 17.95589650321999, 5.116548416642415, 13.059264629081765, 12.208638709827936, 16.54673047785643, 19.377435226837527, 9.748567797344348]",4
83,11419,21.018871308734152,52.125739669327025,449,21.018141700279273,52.12593329958219,"[22.69377954629602, 26.00369853140055, 13.337657012115034, 21.7082242215886, 11.346603088273772, 14.875184346967291, 3.9419415857266875, 18.36265019574195, 21.193354944723044, 18.48620900064807]",6
84,11604,21.063030469469357,52.21142971026217,4160,21.063699999855146,52.2122417003942,"[14.276068534041931, 15.444206404045552, 12.360086318986998, 11.14873209423361, 6.1736883968826985, 4.315692219612303, 11.158207481756119, 7.803158068386969, 10.633862817368065, 12.629220962196099]",5
85,11622,21.026550866835812,52.281343330648035,8089,21.025647200158232,52.280924999788965,"[3.8637433990686953, 18.235012898300248, 15.284313959775073, 12.631703341583048, 10.835804371592216, 11.860405529319978, 19.52427399507912, 15.347871378094647, 16.97074996482781, 10.58260169082313]",0
86,11748,20.915621814963444,52.219306904798195,4540,20.91594440041382,52.2188360998062,"[14.94792258916376, 23.969889312344538, 2.695475303093134, 19.35234204717495, 7.749693796558646, 15.281900668920015, 15.886992627930812, 18.76936651769468, 21.600071266675776, 4.28503541747541]",2
87,11886,21.06307805775279,52.14600550377637,788,21.063380600234552,52.145238900255094,"[21.58948211287979, 23.61421920770462, 13.20187472254414, 19.318744897892657, 10.803408201230804, 12.485705023271358, 2.0953877193813915, 15.973170872046015, 18.803875621027114, 18.350426711077176]",6
88,12037,21.16402560301245,52.25397638300246,6862,21.16403890017517,52.25446669967852,"[14.637980777232452, 5.936719596152738, 20.586280152295064, 1.55471251621223, 14.345426811477035, 8.086342556966262, 20.850204196303505, 10.061304656361452, 9.443557372871956, 19.656743933828555]",3
89,12128,21.16726821347005,52.253240028766086,6755,21.16783890004524,52.25286940030264,"[14.943859020315791, 5.543586872907052, 20.8921583953784, 1.8605907592955697, 14.651305054560373, 8.392220800049602, 21.156082439386847, 10.36718289944479, 9.749435615955294, 19.96262217691189]",3
90,12364,21.162775946600657,52.251414071709874,6622,21.162808300262896,52.250772200176925,"[14.9106188132009, 5.783885483797189, 20.595927633736462, 1.6508609633071636, 14.355074292918431, 8.09599003840766, 20.85985167774491, 10.070952137802848, 9.453204854313352, 19.666391415269953]",3
91,12517,21.12431524650693,52.250682520626306,6620,21.12288890010268,52.250763900333766,"[11.905257678149331, 9.514102137325596, 18.56458852006479, 4.34661611578016, 12.793558751194544, 6.906972971257455, 19.317442699309343, 8.881935070652641, 8.440394549502397, 17.004997516738484]",3
92,12587,21.131556519259437,52.25018184038412,6587,21.13095560032076,52.25034720036308,"[12.490836531692471, 9.004330751709478, 18.89713918097014, 3.836844730164043, 12.656285840152105, 6.397201585641336, 19.161063224978584, 8.372163685036526, 7.9306231638862785, 17.590576370281624]",3
93,12591,21.170246803643188,52.24944201833956,6465,21.170997200360546,52.249352800191616,"[15.482991245242873, 5.3593834694248645, 21.28937990839572, 2.3443132379664235, 15.038478381884506, 8.305956409687521, 21.54325576671098, 10.280918509082712, 9.509420576232815, 20.35984368992921]",3
94,12655,21.168755737814323,52.249041591481436,6475,21.16787220014197,52.24946939999285,"[15.398605017802295, 5.487718199114397, 21.08391383833786, 2.1388471679085606, 14.843060497519827, 8.434291139377054, 21.347837882346308, 10.409253238772244, 9.637755305922347, 20.15437761987135]",3
95,12680,21.12805868459632,52.24953542616046,6477,21.12837219971732,52.249472199582385,"[12.378101490105271, 9.142597140625364, 19.035405569886027, 3.975111119079928, 12.79455222906799, 6.535467974557222, 19.29932961389447, 8.51043007395241, 8.068889552802164, 17.477841328694424]",3
96,13292,20.858299126672037,52.198166196931396,3263,20.858561099615088,52.19918059990482,"[20.541734746676013, 28.830736114606193, 4.318232139171336, 24.46190978866074, 11.726008817173378, 19.946079887982947, 18.368707755157388, 23.433545736757615, 26.264250485738714, 9.878847574987663]",2
97,13895,20.882258838967555,52.19181384006443,2815,20.88163059957259,52.1917721998272,"[19.580836381187126, 27.779443863361717, 2.6870428389903287, 23.410617537416265, 10.674716565928902, 18.89478763673847, 16.737518454976378, 22.38225348551314, 25.212958234494238, 8.917949209498772]",2
98,14053,20.916308287341636,52.22684094846485,4984,20.916002799689522,52.22675280030154,"[14.243798784024742, 24.35273454681754, 3.5920253414446974, 19.73518728164796, 8.132539031031646, 15.664745903393017, 16.78354266628238, 19.15221175216768, 21.98291650114878, 3.3884853791238467]",9
99,14118,20.916354221581663,52.23254219310111,5254,20.91662500014371,52.23198610007853,"[13.713217225479623, 24.155996454867196, 4.262246964280636, 19.538449189697616, 8.245116824004963, 15.777323696366329, 17.45376428911832, 19.264789545141, 22.095494294122094, 2.9153424212231767]",9
100,14126,20.916891454133914,52.23112939181761,5254,20.91662500014371,52.23198610007853,"[13.713217225479623, 24.155996454867196, 4.262246964280636, 19.538449189697616, 8.245116824004963, 15.777323696366329, 17.45376428911832, 19.264789545141, 22.095494294122094, 2.9153424212231767]",9
101,15476,21.111117780215938,52.20901796521766,3897,21.11086390044869,52.20876939998789,"[15.57553031184418, 12.08750799551232, 16.255672244386883, 8.877563229108425, 9.99558124508592, 1.2365516312800635, 14.202386314451815, 3.929476663434895, 7.191409966772634, 16.312801527542753]",5
102,15651,21.11323332282009,52.20950162852609,3918,21.112766700422924,52.20918059970495,"[15.713414503534533, 12.225392187202676, 16.393556436077237, 9.015447420798779, 10.133465436776273, 1.374435822970418, 14.340270506142168, 4.06736085512525, 7.3292941584629885, 16.450685719233107]",5
103,15660,21.114000119662247,52.211471446377416,4256,21.114552799871888,52.213747199673605,"[15.562774911244473, 11.22312357512053, 16.242916843787178, 8.013178808716633, 9.982825844486213, 0.3721672108882714, 14.189630913852108, 4.7938610838266875, 6.412779988443042, 16.300046126943048]",5
104,15713,21.112943215549297,52.21367797588714,4264,21.114494399696866,52.21388609996359,"[15.5787386511352, 11.207159835229803, 16.258880583677907, 7.997215068825906, 9.99878958437694, 0.35620347099754385, 14.205594653742835, 4.809824823717415, 6.396816248552314, 16.316009866833774]",5
105,15716,21.112262722018855,52.214355051236645,4347,21.11365000014746,52.21534719971356,"[15.473711272971254, 11.379690277266848, 16.15385320551396, 8.169745510862953, 9.893762206212994, 0.18367302896049797, 14.10056727557889, 4.982355265754461, 6.56934669058936, 16.21098248866983]",5
106,15797,21.111264061891234,52.21549010249155,4439,21.11032780018786,52.216263900258866,"[15.7137868642813, 11.730027808559948, 16.393928796824007, 8.520083042156052, 10.133837797523041, 0.5340105602535983, 14.340642866888935, 5.332692797047561, 6.91968422188246, 16.451058079979873]",5
107,15890,21.114416343083324,52.215182543932386,4347,21.11365000014746,52.21534719971356,"[15.473711272971254, 11.379690277266848, 16.15385320551396, 8.169745510862953, 9.893762206212994, 0.18367302896049797, 14.10056727557889, 4.982355265754461, 6.56934669058936, 16.21098248866983]",5
108,15971,21.116188202161506,52.21877467583988,4383,21.116163900243862,52.2159305998174,"[15.657384301931753, 11.563363306227345, 16.337526234474456, 8.35341853982345, 10.077435235173493, 0, 14.284240304539388, 5.166028294714959, 6.753019719549858, 16.394655517630326]",5
109,16084,21.13969661700489,52.21883154551529,4579,21.13901940022521,52.21970279984441,"[15.526140448696806, 9.317095583284585, 18.981013813534872, 6.260901466241094, 12.720922814233914, 3.0783367008545155, 16.927727883599808, 5.0532988002497055, 5.146452839275298, 18.68648445428641]",5
110,16104,21.142720329756038,52.21836502898978,4498,21.14298329973957,52.21783609955639,"[15.460957649033162, 9.251912783620941, 18.50287703127406, 6.19571866657745, 12.242786031973099, 2.6001999185937, 16.449591101338992, 4.57516201798889, 4.775748046629865, 18.560006314429934]",5
111,16298,21.14698790979013,52.21927567719034,4556,21.147466699828385,52.21911939974058,"[15.419926536294566, 9.00110414237862, 18.946581480698526, 5.94491002533513, 12.686490481397565, 3.0439043680181674, 16.893295550763458, 5.018866467413357, 4.568249235000131, 18.580270541884172]",5
112,16307,21.147732063889595,52.21967480239567,4592,21.147483300414024,52.21985560005595,"[15.338000552652185, 8.919178158736239, 19.028507464340912, 5.862984041692748, 12.768416465039948, 3.12583035166055, 16.97522153440584, 5.10079245105574, 4.4863232513577485, 18.49834455824179]",5
113,16457,21.159871245465087,52.22029491746816,4569,21.159755600140898,52.219416700320494,"[16.009355392729525, 7.419883510104886, 19.850514677561513, 6.051237983908152, 13.590423678260546, 5.12360591287786, 18.97299709562316, 7.098568012273049, 5.216573508301789, 19.16969939831913]",5
114,16529,21.15464546068979,52.214223401424476,4275,21.155466700028228,52.213991700156896,"[16.466267200558118, 9.689709038961404, 19.13736879116439, 6.63351492191791, 12.877277791863426, 3.234691678484027, 17.08408286122932, 5.070983922154236, 3.5183280410658315, 19.19449807432026]",5
115,16915,21.157475043664448,52.21079812824366,3967,21.15747779996053,52.209655600026,"[16.89371466035718, 10.249221733250781, 19.564816250963453, 7.193027616207288, 13.304725251662488, 3.6621391382830906, 17.51153032102838, 4.673844700100448, 3.156396432258682, 19.621945534119323]",8
116,17281,21.18383214867465,52.18315315374071,2275,21.18472220016946,52.183291699952065,"[20.499961250028072, 10.022959402803014, 23.290202442619652, 10.6604919604193, 17.030111443318695, 7.597266761498349, 21.23691651268458, 3.4652103593705332, 0.9498586046901556, 23.34733172577553]",8
117,17484,21.18139334959191,52.188191095223864,2580,21.181072200022072,52.188172200186955,"[20.04126575501658, 10.49683100147285, 23.053178408871226, 10.201796465407801, 16.793087409570255, 7.150501296190857, 20.999892478936147, 3.71068704940292, 0.4911631096786565, 23.11030769202709]",8
118,17636,21.171414911720696,52.18721645591271,2596,21.17249439979679,52.18853329957216,"[19.42706417012126, 11.056413296671748, 22.322533497672012, 9.587594880512489, 16.06244249837104, 6.419856384991648, 20.269247567736937, 3.343805761922252, 0.8482999272945344, 22.379662780827886]",8
119,17699,21.173527223352796,52.18543289386183,2402,21.172122200079514,52.18515830041531,"[20.007955348440078, 10.879384929360693, 22.587906666852568, 10.1684860588313, 16.327815667551597, 7.00074756331046, 20.534620736917486, 2.76291458360344, 1.1904699107426744, 22.645035950008435]",8
120,17781,21.175743684817444,52.191921819621484,2834,21.176763899734226,52.192102799604584,"[19.234643517861663, 11.002702696978574, 22.304581133719203, 9.39517422825289, 16.044490134418233, 6.401904021038836, 20.251295203784125, 3.660635736655367, 0.6968569362812392, 22.361710416875074]",8
121,17840,21.180884995683055,52.18198993768067,2151,21.179908300127977,52.180883300224195,"[20.418958530802456, 10.616322274391239, 22.737697965187287, 10.57948924119368, 16.477606965886324, 7.411750745672841, 20.68441203525221, 2.9127058819381637, 1.389463487415494, 22.794827248343157]",8
122,17940,21.18346384720633,52.19075772213113,2782,21.18241669997076,52.19103059998224,"[19.29025353145661, 8.80608911076965, 23.1314128162886, 9.332136122635236, 16.871321816987628, 8.366298569863872, 22.215689752609162, 4.793569779602514, 1.6132788503140139, 22.450597537046217]",8
123,18131,21.19091361473289,52.1930451574165,2914,21.19114440009406,52.19317219963733,"[19.72683772835842, 8.376979012914337, 23.56799701319041, 9.768720319537044, 17.307906013889436, 8.84108824850675, 22.69047943125205, 5.309302629518973, 2.1290117002304734, 22.887181733948026]",8
124,18157,21.192540147012608,52.19220347298353,2823,21.19089719984595,52.19189720019568,"[19.791733832289097, 8.519853035730925, 23.63289311712109, 9.833616423467722, 17.372802117820115, 8.739157396963742, 22.58854857970903, 5.166428606702384, 1.9861376774138844, 22.9520778378787]",8
125,18269,21.203336762278493,52.188812580401226,1887,21.20300559992853,52.188544399904174,"[20.634064075568983, 8.989770194874671, 24.475223360400978, 10.572239444564014, 18.2151323611, 8.839100808595527, 22.688491991340815, 5.2663720183341685, 2.086081089045668, 23.794408081158586]",8
126,18530,21.19497903369314,52.182321667005986,2221,21.194011099732506,52.182183299919416,"[20.627579623254263, 9.590676443139799, 23.741304661621115, 10.66946221443289, 17.481213662320144, 7.838627548940747, 21.688018731686032, 4.26589875867939, 1.0856078293908895, 23.787923628843867]",8
127,18686,21.19437120212173,52.184458147391105,2298,21.195383299699586,52.18341940008531,"[20.627911905900373, 9.591008725785906, 23.74163694426722, 10.669794497078998, 17.48154594496625, 7.8389598315868545, 21.68835101433214, 4.266231041325498, 1.0859401120369974, 23.788255911489976]",8
128,18968,21.204836439981367,52.175434182811536,1861,21.204505599853576,52.17577499991637,"[21.740646615369936, 10.703743435255475, 24.854371653736784, 11.782529206548565, 18.59428065443582, 8.951694541056424, 22.801085723801712, 5.378965750795065, 2.198674821506566, 24.900990620959544]",8
129,19067,21.24440538557366,52.212496365344265,4196,21.24371940003033,52.21286110035953,"[22.276921962986833, 4.9950804335137935, 26.118081247818836, 10.576216944292455, 19.857990248517858, 11.391172483135167, 25.240563665880465, 12.221762099405556, 9.04147117011705, 25.437265968576437]",1
130,19262,21.24758906249019,52.216681098744395,4096,21.2466999997053,52.21689720014575,"[22.191103674043347, 4.9092621445703095, 26.03226295887535, 10.490398655348969, 19.772171959574372, 11.305354194191684, 25.154745376936983, 12.195999310049018, 9.015708380760511, 25.351447679632955]",1
131,19384,21.239863244356542,52.2271347368688,5039,21.238416699571076,52.22776669957358,"[21.343826895854615, 3.88687916547945, 25.184986180686625, 9.468015676258112, 18.92489518138564, 10.458077416002952, 24.30746859874825, 12.380850799761443, 9.200559870472942, 24.504170901444223]",1
132,19487,21.251373815686815,52.21843743988038,4522,21.249999999900126,52.218430599992246,"[23.41895434714932, 6.137112817676288, 27.260113631981326, 11.718249328454949, 21.000022632680352, 12.533204867297663, 26.38259605004296, 13.423849983154996, 10.243559053866488, 26.57929835273893]",1
133,19547,21.22006524369473,52.23716189555616,5508,21.221902799574593,52.23635000005254,"[19.788062423487048, 1.1236576516881596, 24.522798991361906, 6.704794162466821, 18.262707992060932, 10.439705654539186, 24.289096837284486, 12.362479038297677, 9.182188109009175, 23.84198371211952]",1
134,19780,21.221054359106606,52.250460457009794,6608,21.221536100110995,52.250261100169666,"[19.325069213339624, 2.5977565994604976, 24.83996342883801, 6.382870048833645, 18.57987242953704, 11.847350457340056, 25.08464981436351, 13.822312556735248, 11.099643286287746, 24.15914814959563]",1
135,19860,21.22229259045429,52.25286013107631,6746,21.222419399835474,52.25273059983738,"[18.848973990709297, 2.5991905343404658, 24.841397363717977, 5.906774826203323, 18.581306364417006, 11.848784392220024, 25.086083749243475, 13.823746491615216, 11.101077221167714, 23.948713829298445]",1
136,19872,21.223583338700912,52.25220463386996,6743,21.22391939976052,52.252666700308055,"[18.746291569984887, 2.5020345791123493, 24.744241408489863, 5.804092405478913, 18.484150409188892, 11.751628436991908, 24.98892779401536, 13.7265905363871, 11.003921265939598, 23.84603140857404]",1
137,20008,21.04266139239604,52.32890020365235,22,21.042411099992307,52.33091109976749,"[3.458097742571992, 23.94554363579484, 21.094582243476058, 18.34223407907764, 17.676801739172777, 19.115482044503743, 26.84611513671981, 22.60294789327841, 23.008200387909906, 14.673607225323254]",0
138,20141,21.05750889925077,52.32890328640813,109,21.058386100138478,52.32958059956508,"[4.910069382998413, 22.2446594354117, 21.28005714372768, 16.641349878694513, 16.831547555544827, 17.414597844120618, 25.520017179031736, 20.902063692895283, 21.307316187526776, 15.216565202081165]",0
139,20190,21.0623725799696,52.32527011069534,9128,21.063622200404268,52.325261100019816,"[4.309469628199071, 21.64405968061236, 20.67945738892834, 16.040750123895172, 16.230947800745486, 16.813998089321277, 24.919417424232396, 20.301463938095942, 20.706716432727436, 14.615965447281825]",0
140,20215,21.076069144867454,52.32586310525849,377,21.0770639002788,52.32606389962933,"[5.338683678170064, 22.113377013368087, 21.148774721684067, 16.510067456650898, 16.700265133501212, 17.283315422077003, 25.38873475698812, 20.770781270851668, 21.17603376548316, 15.085282780037554]",0
141,20270,21.075633784308977,52.32485936186046,9115,21.074305600423145,52.324538900350035,"[5.081399141469851, 21.856092476667875, 20.891490184983855, 16.252782919950686, 16.442980596801, 17.02603088537679, 25.13145022028791, 20.513496734151456, 20.91874922878295, 14.82799824333734]",0
142,20430,21.066532071846833,52.322612296628265,9084,21.06693060026703,52.32290279972449,"[4.726514294419491, 21.22701501439194, 20.26241272270792, 15.623705457674752, 15.813903134525066, 16.396953423100857, 24.502372758011976, 19.884419271875522, 20.289671766507016, 14.198920781061407]",0
143,20510,21.078889933296313,52.32307209456496,9076,21.079727800097942,52.3225778000255,"[5.594077562924703, 22.109501851333306, 21.144899559649286, 16.506192294616117, 16.69638997146643, 17.27944026004222, 25.38485959495334, 20.766906108816887, 21.17215860344838, 15.08140761800277]",0
144,20882,21.06526278556873,52.311987706729916,8833,21.061491700181875,52.308191699587326,"[3.3369665739670977, 19.468667008468593, 18.504064716784573, 13.865357451751402, 14.055555128601716, 14.638605417177509, 22.744024752088627, 18.126071265952174, 18.531323760583668, 12.440572775138056]",0
145,21217,20.9658297089491,52.322232534000065,9081,20.96478060024458,52.32275280000175,"[8.01559859455743, 24.80940246143757, 19.0381276446384, 20.01439414421235, 15.620347140335118, 17.868137495001942, 25.164056195117375, 21.355603343776615, 22.978481930509776, 12.617152626485598]",0
146,21246,20.973076935905727,52.31757274598798,8983,20.974111099747518,52.31743330020669,"[8.162089012612675, 24.95589287949281, 19.18461806269364, 20.16088456226759, 15.766837558390362, 18.014627913057186, 25.310546613172615, 21.502093761831855, 23.124972348565016, 12.763643044540842]",0
147,21421,20.96491987657964,52.33098443851021,34,20.96440280044891,52.33115560025078,"[8.185783589939927, 25.50498877995882, 19.733713963159648, 20.709980462733597, 16.315933458856364, 18.56372381352319, 25.859642513638622, 22.051189662297862, 23.674068249031023, 13.312738945006842]",0
148,21424,20.961956032512063,52.328135970412895,9187,20.96158060016461,52.32751389994655,"[8.607133143504802, 25.564049962322567, 19.792775145523397, 20.769041645097346, 16.374994641220113, 18.62278499588694, 25.91870369600237, 22.11025084466161, 23.733129431394772, 13.37180012737059]",0
149,21438,20.961507849936893,52.3277859024112,9187,20.96158060016461,52.32751389994655,"[8.607133143504802, 25.564049962322567, 19.792775145523397, 20.769041645097346, 16.374994641220113, 18.62278499588694, 25.91870369600237, 22.11025084466161, 23.733129431394772, 13.37180012737059]",0
150,21465,20.965506225213154,52.32962760384833,19,20.96446390038875,52.32954719964363,"[8.307418863117832, 25.332669413622696, 19.561394596823526, 20.537661096397475, 16.143614092520238, 18.391404447187067, 25.6873231473025, 21.87887029596174, 23.5017488826949, 13.140419578670718]",0
151,21685,20.972494249934318,52.32995340749577,33,20.971875000231137,52.329708299698325,"[8.25716431542063, 25.276705231002236, 19.505430414203065, 20.455258804780943, 16.087649909899785, 18.335440264566607, 25.63135896468204, 21.82290611334128, 23.44578470007444, 13.084455396050263]",0
152,21766,20.979860945625603,52.32984683776428,27,20.97860560016835,52.32936670031302,"[7.578325240266135, 25.426287301744544, 19.655012484945374, 20.317232954885558, 16.23723198064209, 18.485022335308916, 25.78094103542435, 21.972488184083588, 23.59536677081675, 13.23403746679257]",0
153,21778,20.978296415947728,52.32817699001736,10,20.97742220027436,52.328724999858935,"[7.686062164285859, 25.31855037772482, 19.547275560925648, 20.369182202097257, 16.129495056622364, 18.37728541128919, 25.673204111404623, 21.864751260063862, 23.487629846797024, 13.126300542772846]",0
154,21836,20.98439214608832,52.33012690136623,54,20.983863900198912,52.3310889002326,"[6.920039340325607, 25.26225661166223, 20.27625653047505, 19.65894705494503, 16.858476026171765, 18.88764924268196, 26.402185080954023, 22.375115091456628, 23.997993678189793, 13.855281512322238]",0
155,21972,20.97379683544829,52.32063777198515,9028,20.97302500020362,52.31973330015171,"[7.170001803848968, 23.96380567072911, 18.192530853929938, 19.168797353503887, 14.774750349626654, 17.02254070429348, 24.318459404408912, 20.510006553068152, 22.132885139801314, 11.771555835777134]",0
156,22262,21.123899131952413,52.23829520297098,5636,21.12472500005873,52.23816939959818,"[12.631188440524616, 8.693998762110088, 17.077226540408393, 4.065926337844218, 11.006215260293825, 4.989449316167375, 17.51099264512029, 6.964411415562564, 7.125356174823779, 16.147690321941873]",3
157,22631,21.100414764105015,52.24857103371236,6431,21.10048059969995,52.249025000003826,"[10.240230022096835, 10.945579663620297, 15.410173189473355, 6.178840377782242, 9.830609660209454, 5.980688202178604, 16.97977752529451, 9.18864800360666, 9.354988754525042, 14.294408434577178]",5
158,22784,21.105456329984246,52.24966121413328,6544,21.10463330018672,52.25009719962611,"[10.458278546028534, 10.64214420495603, 15.799764960024257, 5.785499429229412, 10.218398401572053, 6.039214753519472, 17.038304076635377, 8.972890475106631, 9.139231226025014, 14.60443749766071]",3
159,22812,21.107461590845997,52.245425913444834,6193,21.10830559992354,52.245500000224865,"[10.96717281507054, 10.173520739362628, 15.868938888976052, 5.497049106903266, 10.093912736386526, 5.618707361385417, 16.617796684501325, 8.416589079348991, 8.582929830267373, 14.788088825423454]",3
160,22987,21.078353061096756,52.22393157130004,4802,21.077688900322528,52.223199999780206,"[12.533099678905172, 13.687962394984769, 13.465922627729956, 9.338373727522255, 7.205831628428986, 4.145534532476491, 14.375019382182714, 7.633000381251155, 10.463705130232253, 13.523051910885824]",5
161,23073,21.023912308751157,52.11417029245899,436,21.020791700176858,52.115519400300116,"[24.00284610174842, 27.31276508685295, 14.646723567567431, 23.017290777041012, 12.65566964372617, 16.184250902419695, 5.251008141179086, 19.671716751194346, 22.502421500175448, 19.795275556100464]",6
162,23531,21.07779018898461,52.13259344439547,282,21.07691670014566,52.131494400446286,"[23.38365885175964, 25.408395946584466, 14.996098258955811, 21.11292163677252, 12.597631737642475, 14.27988176215121, 1.594239097019957, 17.767347610925867, 20.59805235990697, 20.144650247488844]",6
163,23675,21.077538850159822,52.134112050606234,611,21.075633300136758,52.132908300177974,"[23.203453046398447, 25.228190141223276, 14.815892453594616, 20.932715831411322, 12.41742593228128, 14.099675956790016, 1.4140332916587608, 17.587141805564674, 20.417846554545772, 19.964444442127647]",6
164,23704,21.077034585389278,52.13212610808486,282,21.07691670014566,52.131494400446286,"[23.38365885175964, 25.408395946584466, 14.996098258955811, 21.11292163677252, 12.597631737642475, 14.27988176215121, 1.594239097019957, 17.767347610925867, 20.59805235990697, 20.144650247488844]",6
165,23771,21.069563145388802,52.13358237897961,631,21.069502799814416,52.13427220030184,"[23.187149186075956, 25.211886280900785, 14.611557558340834, 20.916411971088834, 12.401122071958788, 14.083372096467524, 1.3442472366624973, 17.570837945242182, 20.40154269422328, 19.76010954687387]",6
166,23904,21.10054616411804,52.126081830188475,508,21.099674999601575,52.12507779970076,"[23.91120552493092, 25.24955368894414, 17.69339806308721, 20.95407937913219, 14.771322180774028, 14.12103950451088, 4.2915389011513545, 17.60850535328554, 20.439210102266635, 21.60842583752757]",6
167,24119,21.017941389829552,52.17454323458045,1742,21.018422199724796,52.17355829967585,"[17.519868931239454, 20.829787916343992, 8.343884871513076, 16.53431360653203, 6.1726924732172, 9.701273731910732, 6.245818131632872, 13.188739580685393, 16.019444329666495, 13.492436860046118]",4
168,24148,21.015573900237914,52.20657876281407,3731,21.01534720001331,52.20618889969802,"[14.047887560621593, 17.784223716496918, 8.88060971506403, 13.434635049034407, 2.789315071771918, 8.160825722964644, 10.036699717408665, 11.648291571739307, 14.47899632072041, 10.347641620467938]",4
169,24495,21.096730548227054,52.19011963382128,2627,21.096266700347996,52.188819399995396,"[18.43242900454326, 17.59123934880641, 14.969727643210135, 13.295765038994466, 10.035350102495608, 6.462725164373162, 8.416958079116027, 9.95019101314783, 12.780895762128932, 16.785581432697438]",5
170,24534,21.02571995657668,52.207527394575,4087,21.024399999660318,52.207041699814624,"[13.610686118245509, 17.347022274120835, 9.84802905219555, 12.997433606658324, 3.4683484623538834, 8.175905693586293, 10.99223519079472, 11.663371542360956, 14.494076291342056, 10.4101985351337]",4
171,24659,21.023028289107724,52.195735885141424,3079,21.022322199709777,52.19590829972833,"[14.956384518696213, 18.692720674571536, 8.980730192332134, 14.343132007109025, 4.105075744675943, 8.53052609829857, 8.808746812666984, 12.017991947073234, 14.848696696054336, 11.582048931779786]",4
172,24671,21.019450236129494,52.195003153950836,3061,21.01962780028282,52.195500000324785,"[15.146141449020181, 18.882477604895502, 8.790973262008166, 14.532888937432991, 3.9153188143519757, 8.720283028622537, 8.704120779029251, 12.2077488773972, 15.038453626378304, 11.473645363047995]",4
173,24714,21.01729604657298,52.19214655122944,2836,21.017608299783262,52.19201389982169,"[15.645824308148915, 19.382160464024242, 8.902456532284361, 15.032571796561728, 4.070914220429202, 8.685065606331998, 8.381021410524996, 12.172531455106665, 15.003236204087766, 11.62924076912522]",4
174,24786,21.02787153209057,52.18795350675083,2482,21.02721940035508,52.18639720017069,"[16.085777606585275, 19.052346321511994, 9.272602973520634, 14.756872011700038, 5.239205707429274, 7.923832137078737, 7.793952250485889, 11.411297985853402, 14.242002734834506, 12.71144201966885]",4
175,24794,20.999377811476492,52.19709252333772,3136,20.999336100180926,52.19681940019524,"[15.924107399149653, 19.999761273985225, 7.34157753927584, 15.650172606522714, 3.517882617100421, 9.885931508031854, 9.390561223464703, 13.373397356806517, 16.20410210578762, 10.292000331323882]",4
176,24936,21.031196777535985,52.18813215138764,2588,21.030277800380247,52.188349999752745,"[16.079462788659708, 18.731122092847308, 9.593827202185317, 14.435647783035355, 5.560429936093957, 7.602607908414053, 8.115176479150572, 11.09007375718872, 13.920778506169823, 13.021797883849063]",4
177,25257,20.946391646480475,52.237968933711684,5707,20.945669399723045,52.23894719985344,"[11.662541226156009, 21.75721583294766, 6.481533716101142, 17.139668567778077, 6.091559107573912, 13.57812898837517, 16.50171155589106, 17.06559483714983, 19.896299586130933, 2.875110711057016]",9
178,25420,20.92586618589511,52.237649696373005,5630,20.923063899579347,52.237994399621925,"[13.285944992886597, 24.18598882022453, 5.361625781595757, 19.568441555054953, 8.520332094850785, 16.00690197565204, 18.553143106433435, 19.4943678244267, 22.3250725734078, 2.732560514062283]",9
179,25450,20.987847090873817,52.233393147346725,5268,20.986180599654972,52.232113900036495,"[11.432007659474612, 18.9745806672292, 7.824638122284908, 14.35703340205962, 3.142022781526116, 10.514501510462818, 13.867375670399605, 14.001967359237481, 16.832672108218578, 6.121389299702905]",4
180,25555,21.056195594221297,52.270076220180975,7608,21.0568528001167,52.27016109965507,"[6.099717605532321, 16.0330610511663, 14.594139023694767, 10.429751494449102, 10.145629435511909, 11.046069343387504, 18.72020401206091, 14.533535192162173, 15.095717803281367, 11.440100663082456]",0
181,25594,20.957465350105885,52.187486793089796,2544,20.95775560004097,52.18753330022167,"[16.86771102841577, 22.58728956846365, 4.064212556908865, 18.23770090100114, 5.398352814423564, 13.107542709869527, 10.639078011208902, 16.595008558644192, 19.42571330762529, 10.030372195125496]",2
182,25655,20.913799877968263,52.20399469697296,3521,20.914169400397554,52.20314439959441,"[17.1453839897448, 24.92040180843537, 0.9065302694335726, 20.551575482489916, 7.815674511002555, 16.035745581812122, 14.113325100174011, 19.52321143058679, 22.35391617956789, 6.489410209409278]",2
183,25767,20.915316403483075,52.209262833456656,3973,20.91443060039194,52.20980559974868,"[16.11724556987827, 24.878327617397684, 1.6982697638580544, 20.50950129145223, 7.773600319964869, 15.993671390774436, 14.889787088695735, 19.4811372395491, 22.311841988530205, 5.454358398189922]",2
184,25838,20.930798265747317,52.20856082614283,3916,20.930983299839454,52.20916109970506,"[16.835881039017604, 23.83725673094764, 2.48447867203216, 19.46843040500218, 6.732529433514819, 14.952600504324389, 14.343955495772848, 18.440066353099056, 21.270771102080147, 6.899724017119801]",2
185,25893,20.9259846793351,52.20237844867357,3471,20.92585279976697,52.202602799979275,"[16.679056778140392, 23.680432470070425, 1.731069849524216, 19.311606144124966, 6.575705172637606, 14.795776243447177, 13.667671202529375, 18.28324209222184, 21.11394684120293, 6.669173857479708]",2
186,26477,20.909429654580425,52.25368217985896,6843,20.909455600295757,52.25409719972606,"[11.812506274728733, 25.04300137465989, 6.844570471258996, 20.425454109490314, 9.409719829633636, 16.896289710434896, 19.83044323404997, 20.383755559209565, 23.212080843732096, 0.8358830354678737]",9
187,26827,20.895557650350675,52.25846021195882,7022,20.895969400167758,52.25804169996451,"[13.047614472624558, 26.27810957255571, 7.950590462810101, 21.660562307386133, 10.644828027529455, 18.131397908330715, 21.06555143194579, 21.618863757105384, 24.44718904162792, 2.0709912333636953]",9
188,26918,20.892638956916343,52.23590767114342,5781,20.893140876750124,52.239787522776,"[14.279703830354224, 25.389967787060925, 6.355130681326921, 20.77242052189135, 9.724311061687173, 17.21088094248843, 19.546648006164602, 20.698346791263095, 23.529051540244197, 3.381233067563642]",9
189,27121,20.983629497304403,52.21973438049526,4614,20.983400000209883,52.22011670022562,"[12.790252546303728, 18.968806079532623, 6.477240829978601, 14.619217412070112, 1.9382928210682253, 10.084149852909379, 12.585433636239555, 13.571615701684047, 16.402320450665137, 7.479634186532021]",4
190,27195,20.98506193485185,52.22223939365032,4670,20.98533329979199,52.22105280004672,"[12.573549974758247, 18.860810536630854, 6.582230516612663, 14.434268169238166, 1.9557706071468386, 9.976154310007608, 12.666107988155623, 13.463620158782277, 16.294324907763375, 7.262931614986538]",4
191,27275,20.992981234970113,52.225369578809484,5009,20.99167780009043,52.227244400308905,"[11.87741165052248, 18.481060057384273, 7.54017796377571, 13.863512792214689, 2.7662440197041542, 9.737583808343327, 13.090457968280115, 13.22504965711799, 16.055754406099087, 6.8570630593302795]",4
192,27278,20.996596743472573,52.22583144616104,4925,20.99658329967957,52.225327800237835,"[12.014844154460548, 18.07026456704368, 7.53822087290198, 13.504651044983756, 2.511888647290327, 9.185608340420437, 12.538482500357224, 12.6730741891951, 15.503778938176199, 7.393284427046847]",4
193,27289,20.96743694687751,52.20235953249407,3523,20.96738059963502,52.203180600004714,"[15.014494771695958, 20.73407331174384, 5.38468570667863, 16.384484644281326, 3.5451365577037515, 11.711817601198778, 11.783002551107145, 15.199283449973446, 18.02998819895454, 7.936381526955258]",4
194,27343,21.10899972237713,52.20983852729107,3897,21.11086390044869,52.20876939998789,"[15.57553031184418, 12.08750799551232, 16.255672244386883, 8.877563229108425, 9.99558124508592, 1.2365516312800635, 14.202386314451815, 3.929476663434895, 7.191409966772634, 16.312801527542753]",5
195,27347,21.109042884496834,52.20976382190458,3897,21.11086390044869,52.20876939998789,"[15.57553031184418, 12.08750799551232, 16.255672244386883, 8.877563229108425, 9.99558124508592, 1.2365516312800635, 14.202386314451815, 3.929476663434895, 7.191409966772634, 16.312801527542753]",5
196,27354,21.137511778742372,52.23002340547111,5179,21.13763059967249,52.229844399699346,"[14.250654910245343, 8.21463559676746, 18.311648932771465, 4.492235296351561, 12.051557933470502, 4.590378003006088, 18.439769185751384, 6.565340102401278, 5.793842169551381, 17.630833653529084]",3
197,27475,21.14608990503901,52.2216506923809,4708,21.146327800187862,52.22173890003029,"[15.05475295002401, 8.635930556108068, 18.895912234856006, 5.579736439064574, 12.635821235555035, 3.0861782072897714, 16.93556939003506, 5.06114030668496, 4.661337710408365, 18.215096955613614]",5
198,27566,21.132400549762938,52.21382734456986,4298,21.132794400041575,52.21432220010951,"[15.842541208552237, 9.997104719755239, 17.58720115121468, 6.787159953351344, 11.327110151913715, 1.6845240385343163, 15.533915221279608, 3.5412206858672954, 5.068495681015542, 17.64433043437055]",5
199,27582,21.141754117481224,52.218917002163096,4500,21.14150000022488,52.21784440029887,"[15.562337069751567, 9.353292204339347, 18.40149761055566, 6.297098087295856, 12.141406611254693, 2.498820497875295, 16.348211680620587, 4.4737825972704846, 4.877127467348271, 18.458626893711525]",5
